0 0.282813 0.957639 0.142187 0.084722
0 0.175391 0.861806 0.117969 0.148611
0 0.189844 0.658333 0.089063 0.100000
0 0.410938 0.618056 0.051562 0.080556
0 0.670312 0.605556 0.059375 0.083333
1 0.705859 0.518056 0.117969 0.183333
0 0.438672 0.520139 0.035156 0.048611
0 0.345703 0.488889 0.033594 0.038889
0 0.562891 0.513889 0.033594 0.058333
0 0.366406 0.459722 0.026562 0.030556
0 0.410547 0.452778 0.022656 0.036111
0 0.389844 0.495139 0.031250 0.045833
0 0.585547 0.455556 0.027344 0.036111
1 0.542969 0.420833 0.020313 0.050000
1 0.594922 0.402083 0.036719 0.068056
1 0.426172 0.370139 0.027344 0.059722
1 0.444922 0.360417 0.016406 0.034722
0 0.455078 0.450000 0.022656 0.030556
0 0.409766 0.409028 0.014844 0.020833
0 0.571875 0.431250 0.020313 0.034722
0 0.460547 0.415972 0.017969 0.023611
0 0.474609 0.391667 0.013281 0.019444
0 0.453906 0.382639 0.017188 0.031944
0 0.461328 0.372222 0.011719 0.016667
0 0.485547 0.366667 0.010156 0.016667
0 0.529297 0.397222 0.014844 0.025000
0 0.556250 0.397917 0.012500 0.020833
0 0.569141 0.384028 0.011719 0.018056
0 0.526953 0.372917 0.011719 0.020833
0 0.544922 0.376389 0.010156 0.019444
