1 0.873437 0.730556 0.253125 0.444444
0 0.264844 0.569444 0.056250 0.066667
0 0.285156 0.672917 0.070312 0.098611
0 0.371484 0.735417 0.083594 0.151389
0 0.665625 0.802083 0.096875 0.170833
0 0.432812 0.538889 0.042188 0.058333
0 0.630078 0.534722 0.044531 0.066667
0 0.369922 0.461111 0.024219 0.033333
0 0.408203 0.460417 0.028906 0.034722
0 0.383594 0.437500 0.018750 0.025000
0 0.448828 0.476389 0.024219 0.036111
0 0.598437 0.478472 0.032813 0.054167
1 0.559375 0.475000 0.032813 0.077778
0 0.424219 0.430556 0.020313 0.030556
0 0.462500 0.429861 0.021875 0.026389
0 0.537500 0.425694 0.021875 0.029167
0 0.565625 0.419444 0.017188 0.025000
0 0.421094 0.396528 0.012500 0.018056
0 0.467578 0.402778 0.014844 0.019444
1 0.621094 0.430556 0.051562 0.094444
1 0.551562 0.388889 0.010937 0.019444
1 0.578125 0.396528 0.014063 0.018056
1 0.527734 0.386806 0.013281 0.018056
1 0.558203 0.370139 0.010156 0.015278
0 0.526563 0.370833 0.010937 0.013889
0 0.540625 0.365972 0.009375 0.012500
0 0.479297 0.380556 0.010156 0.016667
1 0.434375 0.363889 0.025000 0.052778
0 0.459766 0.374306 0.014844 0.026389
0 0.466797 0.367361 0.008594 0.018056
0 0.473047 0.359722 0.008594 0.013889
0 0.489063 0.361111 0.007812 0.011111
