1 0.040234 0.796528 0.078906 0.343056
0 0.078516 0.986111 0.136719 0.027778
1 0.934766 0.802778 0.130469 0.394444
0 0.394922 0.653472 0.063281 0.118056
0 0.290234 0.548611 0.044531 0.069444
0 0.314844 0.614583 0.054688 0.081944
0 0.680078 0.613889 0.057031 0.091667
0 0.621094 0.522917 0.042188 0.076389
0 0.439844 0.512500 0.032813 0.044444
1 0.578906 0.527083 0.046875 0.104167
1 0.641016 0.452778 0.064844 0.113889
0 0.546484 0.446528 0.024219 0.043056
0 0.575391 0.439583 0.022656 0.031944
0 0.453125 0.463194 0.021875 0.037500
0 0.380859 0.448611 0.022656 0.030556
0 0.416797 0.445833 0.021094 0.030556
0 0.394141 0.428472 0.017969 0.026389
0 0.430078 0.421528 0.017969 0.029167
0 0.465234 0.420833 0.016406 0.027778
0 0.530859 0.395833 0.013281 0.022222
0 0.556250 0.399306 0.014063 0.026389
0 0.583984 0.404167 0.014844 0.019444
0 0.426172 0.392361 0.011719 0.015278
0 0.469922 0.397917 0.011719 0.018056
1 0.436328 0.362500 0.022656 0.052778
0 0.480859 0.376389 0.011719 0.016667
0 0.460938 0.368750 0.012500 0.023611
0 0.560156 0.374306 0.009375 0.015278
0 0.528516 0.377083 0.010156 0.015278
0 0.542578 0.370139 0.008594 0.015278
1 0.523828 0.361806 0.010156 0.020833
0 0.490234 0.359028 0.007031 0.012500
0 0.469141 0.363889 0.007031 0.013889
0 0.475781 0.359028 0.007812 0.009722
1 0.452734 0.355556 0.014844 0.027778
0 0.474609 0.347917 0.007031 0.012500
0 0.535547 0.354167 0.008594 0.013889
