0 0.060156 0.836111 0.118750 0.169444
0 0.841016 0.906250 0.138281 0.187500
0 0.885156 0.754861 0.118750 0.134722
0 0.373828 0.769444 0.072656 0.119444
0 0.418750 0.587500 0.045312 0.072222
0 0.356250 0.554167 0.039062 0.058333
0 0.311328 0.539583 0.041406 0.062500
0 0.603125 0.486111 0.031250 0.047222
1 0.642969 0.451389 0.065625 0.113889
0 0.343359 0.488194 0.027344 0.040278
0 0.390625 0.484722 0.029687 0.044444
0 0.446484 0.478472 0.027344 0.040278
0 0.538672 0.436806 0.022656 0.034722
0 0.454297 0.436806 0.019531 0.029167
0 0.566406 0.417361 0.017188 0.026389
0 0.396484 0.425694 0.017969 0.026389
1 0.415625 0.378472 0.031250 0.068056
1 0.437891 0.365278 0.019531 0.036111
0 0.447656 0.388194 0.015625 0.034722
0 0.469141 0.403472 0.014844 0.023611
1 0.534766 0.394444 0.014844 0.036111
1 0.580078 0.386111 0.027344 0.055556
0 0.558984 0.405556 0.016406 0.027778
0 0.483594 0.372917 0.010937 0.015278
0 0.457422 0.379861 0.010156 0.020833
0 0.464844 0.372917 0.009375 0.015278
0 0.525391 0.381250 0.010156 0.018056
0 0.546875 0.382639 0.012500 0.018056
