0 0.017969 0.924306 0.034375 0.120833
0 0.338672 0.903472 0.099219 0.184722
1 0.972266 0.787500 0.055469 0.425000
0 0.696484 0.657639 0.072656 0.098611
0 0.763281 0.621528 0.067187 0.084722
0 0.408203 0.636111 0.052344 0.083333
0 0.333203 0.594444 0.052344 0.066667
0 0.284375 0.567361 0.050000 0.062500
0 0.378906 0.504861 0.039062 0.051389
0 0.328516 0.507639 0.033594 0.051389
0 0.437891 0.498611 0.032031 0.044444
0 0.584375 0.456250 0.029687 0.034722
1 0.621484 0.427083 0.049219 0.095833
0 0.389062 0.433333 0.020313 0.030556
0 0.451172 0.447917 0.019531 0.031944
1 0.410938 0.382639 0.032813 0.070833
1 0.435156 0.365972 0.018750 0.034722
0 0.444531 0.394444 0.017188 0.036111
0 0.467187 0.409722 0.017188 0.022222
0 0.533203 0.418056 0.017969 0.027778
0 0.559375 0.408333 0.015625 0.025000
0 0.453516 0.383333 0.011719 0.025000
0 0.462891 0.374306 0.007031 0.018056
0 0.481641 0.375000 0.010156 0.016667
0 0.472266 0.360417 0.008594 0.012500
0 0.463672 0.355556 0.007031 0.013889
0 0.554297 0.395139 0.016406 0.023611
1 0.532813 0.386111 0.015625 0.030556
0 0.523438 0.375000 0.010937 0.016667
0 0.558984 0.369444 0.008594 0.013889
1 0.574609 0.377778 0.024219 0.050000
