0 0.366016 0.788194 0.075781 0.129167
0 0.702344 0.761806 0.084375 0.145833
1 0.801172 0.591667 0.191406 0.333333
0 0.251953 0.736806 0.086719 0.112500
0 0.213281 0.652778 0.075000 0.083333
0 0.286328 0.553472 0.042969 0.054167
0 0.342969 0.559722 0.042188 0.058333
0 0.427734 0.547917 0.036719 0.059722
0 0.607812 0.492361 0.028125 0.043056
0 0.665625 0.498611 0.032813 0.047222
0 0.368750 0.454167 0.023438 0.030556
0 0.442188 0.475000 0.023438 0.036111
0 0.565234 0.417361 0.017969 0.026389
1 0.596484 0.404861 0.035156 0.070833
0 0.459766 0.426389 0.017969 0.025000
1 0.394922 0.393056 0.041406 0.080556
1 0.429688 0.373611 0.021875 0.041667
0 0.436328 0.405556 0.019531 0.038889
0 0.448047 0.396528 0.008594 0.020833
0 0.457813 0.381250 0.010937 0.015278
0 0.477734 0.384028 0.010156 0.018056
