1 0.888672 0.728472 0.221094 0.526389
0 0.387500 0.700694 0.065625 0.093056
0 0.299219 0.650000 0.068750 0.088889
0 0.252344 0.598611 0.065625 0.069444
0 0.308594 0.527778 0.042188 0.052778
0 0.635156 0.548611 0.040625 0.058333
0 0.701562 0.544444 0.043750 0.061111
0 0.435547 0.520833 0.032031 0.050000
0 0.362109 0.528472 0.039844 0.056944
0 0.446875 0.459722 0.021875 0.033333
0 0.378125 0.445139 0.023438 0.029167
0 0.463672 0.419444 0.017969 0.025000
0 0.574219 0.433333 0.025000 0.025000
0 0.528516 0.400694 0.016406 0.020833
0 0.554297 0.397917 0.013281 0.020833
0 0.440234 0.400000 0.019531 0.036111
0 0.450391 0.388194 0.010156 0.023611
1 0.403125 0.387500 0.039062 0.077778
1 0.432422 0.371528 0.021094 0.037500
0 0.478906 0.379861 0.009375 0.018056
0 0.460156 0.379167 0.010937 0.016667
0 0.549609 0.388194 0.014844 0.020833
1 0.569531 0.374306 0.023438 0.045833
1 0.532031 0.377778 0.012500 0.027778
0 0.523438 0.368750 0.010937 0.015278
0 0.490625 0.359028 0.007812 0.012500
0 0.470703 0.361111 0.008594 0.011111
0 0.461719 0.358333 0.007812 0.011111
0 0.543750 0.371528 0.010937 0.018056
0 0.556641 0.368056 0.010156 0.013889
