0 0.233594 0.609028 0.067187 0.079167
0 0.244531 0.747917 0.089063 0.120833
0 0.333984 0.848611 0.107031 0.202778
0 0.766016 0.765278 0.102344 0.141667
0 0.596875 0.600000 0.054688 0.080556
0 0.424219 0.572222 0.043750 0.066667
1 0.773828 0.594444 0.188281 0.269444
0 0.360547 0.475000 0.027344 0.041667
0 0.376563 0.447222 0.021875 0.033333
0 0.401172 0.477083 0.027344 0.037500
0 0.443750 0.497222 0.026562 0.044444
0 0.605078 0.488889 0.032031 0.044444
0 0.581641 0.450000 0.027344 0.044444
0 0.458984 0.439583 0.021094 0.031944
0 0.417969 0.438889 0.020313 0.030556
0 0.466016 0.411111 0.014844 0.022222
0 0.415625 0.402778 0.014063 0.019444
1 0.550000 0.443056 0.026562 0.058333
1 0.607812 0.416667 0.043750 0.083333
1 0.476562 0.386806 0.012500 0.018056
1 0.430078 0.365278 0.027344 0.055556
1 0.448047 0.356250 0.017969 0.037500
0 0.457031 0.377778 0.015625 0.033333
0 0.463672 0.369444 0.010156 0.022222
0 0.487891 0.361806 0.008594 0.018056
0 0.472266 0.362500 0.008594 0.013889
0 0.535156 0.412500 0.020313 0.030556
0 0.561328 0.410417 0.016406 0.023611
0 0.572266 0.390278 0.014844 0.016667
0 0.548047 0.384028 0.011719 0.018056
0 0.553906 0.366667 0.007812 0.013889
0 0.538672 0.363194 0.010156 0.012500
0 0.527734 0.380556 0.011719 0.016667
0 0.526172 0.368056 0.008594 0.013889
0 0.471094 0.350000 0.006250 0.008333
1 0.523438 0.354861 0.009375 0.018056
