0 0.090234 0.963194 0.149219 0.073611
0 0.133594 0.727778 0.110937 0.127778
0 0.397266 0.680556 0.058594 0.102778
0 0.630078 0.530556 0.042969 0.061111
0 0.427344 0.551389 0.039062 0.052778
0 0.328125 0.511806 0.046875 0.045833
0 0.373047 0.520139 0.038281 0.048611
1 0.665234 0.481250 0.091406 0.148611
0 0.356641 0.471528 0.025781 0.034722
0 0.400391 0.468056 0.027344 0.038889
0 0.451172 0.465278 0.024219 0.036111
0 0.548828 0.467361 0.028906 0.040278
0 0.575000 0.435417 0.020313 0.031944
0 0.457031 0.424306 0.021875 0.026389
0 0.403906 0.417361 0.018750 0.026389
0 0.565234 0.417361 0.017969 0.029167
1 0.585938 0.393750 0.032813 0.065278
1 0.537500 0.408333 0.018750 0.041667
0 0.472656 0.397222 0.012500 0.019444
0 0.450781 0.385417 0.017188 0.031944
0 0.526563 0.388194 0.010937 0.020833
0 0.551172 0.390972 0.011719 0.020833
0 0.565234 0.379861 0.011719 0.018056
1 0.421094 0.373611 0.026562 0.058333
1 0.439453 0.361806 0.019531 0.040278
