0 0.298047 0.940972 0.122656 0.118056
0 0.603516 0.623611 0.052344 0.091667
0 0.302344 0.646528 0.057813 0.081944
0 0.420312 0.594444 0.050000 0.072222
0 0.644531 0.558333 0.043750 0.075000
0 0.672266 0.520139 0.046094 0.059722
0 0.345313 0.554861 0.043750 0.070833
1 0.267578 0.525000 0.138281 0.197222
0 0.551562 0.463194 0.028125 0.043056
0 0.454688 0.460417 0.034375 0.043056
0 0.409766 0.459722 0.028906 0.041667
0 0.372266 0.447917 0.025781 0.037500
0 0.590625 0.415278 0.015625 0.022222
0 0.564063 0.413194 0.017188 0.026389
1 0.535547 0.404167 0.016406 0.038889
0 0.465234 0.422222 0.021094 0.022222
0 0.418750 0.401389 0.017188 0.019444
0 0.471484 0.403472 0.014844 0.020833
0 0.427734 0.392361 0.011719 0.020833
0 0.448828 0.393056 0.014844 0.016667
0 0.455469 0.381944 0.012500 0.019444
0 0.477344 0.381944 0.010937 0.016667
0 0.561719 0.377778 0.010937 0.013889
0 0.529687 0.384722 0.012500 0.019444
0 0.542969 0.377083 0.009375 0.018056
0 0.446094 0.369444 0.010937 0.013889
1 0.453516 0.350000 0.017969 0.038889
0 0.483594 0.370139 0.010937 0.015278
