1 0.223828 0.558333 0.169531 0.227778
0 0.262891 0.715278 0.075781 0.105556
0 0.782031 0.814583 0.114062 0.162500
1 0.917969 0.779167 0.164062 0.386111
0 0.322656 0.597222 0.053125 0.083333
0 0.406250 0.648611 0.060937 0.091667
0 0.571484 0.532639 0.035156 0.073611
0 0.612500 0.499306 0.031250 0.051389
0 0.644141 0.486806 0.033594 0.059722
0 0.362109 0.464583 0.032031 0.048611
0 0.399219 0.471528 0.032813 0.048611
0 0.447266 0.474306 0.030469 0.048611
0 0.544141 0.436806 0.022656 0.034722
0 0.582812 0.403472 0.015625 0.023611
0 0.556641 0.401389 0.014844 0.025000
0 0.462891 0.434722 0.019531 0.030556
0 0.414453 0.406944 0.016406 0.022222
0 0.423828 0.395139 0.013281 0.023611
0 0.444141 0.400694 0.013281 0.020833
0 0.468750 0.408333 0.015625 0.019444
0 0.442188 0.372222 0.010937 0.013889
0 0.452344 0.387500 0.012500 0.022222
0 0.475391 0.388889 0.011719 0.022222
0 0.480469 0.375000 0.009375 0.016667
0 0.526953 0.377083 0.008594 0.012500
1 0.532031 0.393750 0.017188 0.034722
0 0.559375 0.376389 0.010937 0.013889
0 0.540625 0.370833 0.010937 0.013889
0 0.490234 0.361806 0.010156 0.012500
