0 0.053125 0.834722 0.104688 0.116667
0 0.128516 0.922917 0.144531 0.154167
0 0.343750 0.813194 0.085938 0.140278
0 0.672656 0.821528 0.095312 0.168056
0 0.703906 0.647917 0.059375 0.098611
0 0.329297 0.602083 0.049219 0.076389
0 0.709766 0.566667 0.052344 0.066667
0 0.428125 0.552083 0.040625 0.062500
0 0.562891 0.500000 0.033594 0.041667
0 0.364844 0.529861 0.043750 0.056944
0 0.600391 0.425694 0.019531 0.031944
1 0.291406 0.501389 0.115625 0.163889
0 0.380078 0.438194 0.027344 0.029167
0 0.417578 0.444444 0.024219 0.030556
0 0.457813 0.446528 0.023438 0.040278
0 0.468359 0.414583 0.016406 0.023611
0 0.571875 0.429167 0.017188 0.027778
0 0.423828 0.396528 0.014844 0.023611
0 0.452344 0.388889 0.012500 0.022222
0 0.472656 0.396528 0.014063 0.018056
0 0.532813 0.393750 0.015625 0.026389
1 0.539453 0.417361 0.021094 0.045833
0 0.564063 0.384722 0.010937 0.016667
0 0.432031 0.386806 0.012500 0.018056
0 0.546094 0.381944 0.009375 0.019444
0 0.448047 0.368056 0.010156 0.013889
0 0.458203 0.377778 0.011719 0.016667
0 0.479687 0.380556 0.010937 0.019444
0 0.485156 0.369444 0.009375 0.016667
1 0.456250 0.348611 0.015625 0.036111
0 0.553516 0.363889 0.010156 0.016667
1 0.468359 0.343750 0.010156 0.031944
