0 0.207813 0.787500 0.096875 0.136111
0 0.139453 0.718750 0.083594 0.098611
0 0.840625 0.865972 0.118750 0.193056
0 0.780469 0.656250 0.082812 0.095833
0 0.376563 0.706944 0.071875 0.102778
0 0.351562 0.561111 0.045312 0.063889
0 0.586328 0.570139 0.041406 0.070833
1 0.316016 0.477778 0.097656 0.144444
0 0.378125 0.504167 0.034375 0.047222
0 0.438672 0.522917 0.035156 0.051389
0 0.614844 0.445833 0.023438 0.036111
0 0.583203 0.448611 0.022656 0.030556
1 0.547656 0.439583 0.026562 0.054167
0 0.461719 0.432639 0.023438 0.037500
0 0.423047 0.431250 0.019531 0.026389
0 0.387500 0.429861 0.023438 0.029167
0 0.430469 0.392361 0.015625 0.018056
0 0.535156 0.402778 0.017188 0.022222
0 0.471094 0.407639 0.017188 0.020833
0 0.550000 0.390278 0.015625 0.019444
0 0.568750 0.393056 0.014063 0.022222
0 0.475391 0.388194 0.016406 0.015278
0 0.455469 0.384028 0.014063 0.020833
0 0.437109 0.382639 0.013281 0.020833
0 0.560937 0.375694 0.009375 0.012500
0 0.556250 0.365972 0.010937 0.015278
0 0.462500 0.374306 0.009375 0.015278
0 0.481250 0.377083 0.010937 0.015278
0 0.485938 0.365972 0.009375 0.012500
1 0.457813 0.347222 0.015625 0.036111
0 0.450391 0.367361 0.010156 0.012500
0 0.477734 0.348611 0.010156 0.019444
1 0.469141 0.344444 0.010156 0.025000
0 0.522266 0.363889 0.011719 0.013889
0 0.541016 0.368750 0.011719 0.009722
