0 0.738281 0.965278 0.106250 0.069444
0 0.241016 0.600694 0.052344 0.065278
0 0.301172 0.636111 0.066406 0.086111
0 0.409766 0.591667 0.046094 0.063889
0 0.621875 0.520139 0.034375 0.051389
0 0.652734 0.495139 0.038281 0.051389
0 0.381641 0.510417 0.032031 0.051389
0 0.452344 0.472222 0.028125 0.041667
1 0.573828 0.510417 0.039844 0.087500
1 0.344922 0.451389 0.074219 0.116667
0 0.399219 0.471528 0.026562 0.040278
0 0.544531 0.434722 0.023438 0.030556
0 0.400391 0.414583 0.021094 0.026389
0 0.434766 0.413194 0.014844 0.020833
0 0.467969 0.413889 0.020313 0.033333
0 0.560547 0.409028 0.016406 0.023611
0 0.580859 0.405556 0.016406 0.022222
0 0.438281 0.382639 0.012500 0.018056
0 0.474609 0.392361 0.014844 0.018056
0 0.525781 0.375694 0.014063 0.015278
0 0.460156 0.375694 0.010937 0.018056
0 0.480469 0.380556 0.010937 0.016667
0 0.489844 0.359722 0.009375 0.013889
0 0.468359 0.368750 0.008594 0.015278
0 0.538281 0.365972 0.009375 0.018056
0 0.544922 0.378472 0.010156 0.015278
0 0.567187 0.381944 0.012500 0.019444
0 0.562500 0.371528 0.012500 0.018056
