0 0.158203 0.887500 0.117969 0.158333
0 0.768750 0.772917 0.096875 0.159722
0 0.409766 0.597222 0.057031 0.091667
0 0.337891 0.572917 0.047656 0.065278
0 0.311328 0.517361 0.044531 0.054167
0 0.658594 0.584722 0.056250 0.108333
1 0.080078 0.752778 0.158594 0.386111
1 0.607031 0.616667 0.064062 0.166667
1 0.665234 0.483333 0.080469 0.152778
0 0.555078 0.479167 0.032031 0.050000
0 0.587109 0.460417 0.027344 0.034722
0 0.591016 0.414583 0.016406 0.020833
0 0.562500 0.409028 0.014063 0.023611
0 0.533984 0.407639 0.016406 0.023611
0 0.445312 0.491667 0.026562 0.041667
0 0.457031 0.448611 0.020313 0.027778
0 0.388672 0.438889 0.019531 0.027778
0 0.400781 0.421528 0.020313 0.023611
0 0.424219 0.433333 0.021875 0.027778
0 0.435156 0.411111 0.017188 0.022222
0 0.467578 0.412500 0.014844 0.025000
0 0.471875 0.392361 0.014063 0.018056
0 0.429688 0.387500 0.012500 0.019444
0 0.562500 0.377778 0.010937 0.019444
0 0.542969 0.372222 0.010937 0.016667
1 0.524219 0.365972 0.010937 0.023611
0 0.482422 0.372222 0.010156 0.016667
1 0.440625 0.359722 0.020313 0.050000
0 0.464844 0.365972 0.014063 0.023611
1 0.452734 0.354861 0.016406 0.029167
0 0.491016 0.355556 0.005469 0.011111
0 0.471875 0.363194 0.006250 0.015278
0 0.477734 0.356944 0.005469 0.011111
