1 0.175391 0.599306 0.230469 0.279167
1 0.210156 0.807639 0.096875 0.137500
0 0.663672 0.797917 0.100781 0.201389
0 0.389844 0.715278 0.071875 0.113889
0 0.300000 0.634722 0.059375 0.080556
0 0.682422 0.635417 0.069531 0.093056
1 0.866797 0.720139 0.266406 0.440278
0 0.441016 0.495833 0.039844 0.050000
0 0.350000 0.468056 0.035937 0.041667
0 0.555078 0.482639 0.028906 0.043056
0 0.592187 0.465972 0.025000 0.040278
0 0.624609 0.459722 0.027344 0.041667
0 0.387500 0.493750 0.032813 0.045833
0 0.539062 0.416667 0.018750 0.027778
0 0.457813 0.444444 0.021875 0.027778
0 0.408594 0.414583 0.017188 0.023611
0 0.466797 0.418056 0.016406 0.025000
0 0.440234 0.406944 0.016406 0.022222
0 0.419141 0.402778 0.014844 0.022222
0 0.473828 0.394444 0.014844 0.019444
0 0.448437 0.393056 0.012500 0.019444
0 0.439063 0.375694 0.010937 0.015278
0 0.478125 0.377778 0.010937 0.022222
0 0.530469 0.384028 0.015625 0.029167
0 0.552344 0.392361 0.012500 0.020833
0 0.575781 0.395833 0.014063 0.019444
1 0.448828 0.353472 0.017969 0.045833
0 0.470703 0.359028 0.010156 0.018056
0 0.487500 0.363194 0.007812 0.012500
0 0.539453 0.366667 0.010156 0.013889
