0 0.196484 0.643056 0.060156 0.077778
0 0.261328 0.700694 0.078906 0.095833
0 0.398047 0.640972 0.061719 0.081944
0 0.627344 0.686111 0.071875 0.105556
0 0.893359 0.797917 0.119531 0.148611
0 0.369531 0.529861 0.035937 0.062500
0 0.444922 0.497222 0.030469 0.044444
0 0.389844 0.487500 0.031250 0.036111
1 0.331250 0.462500 0.081250 0.130556
0 0.597656 0.475694 0.028125 0.043056
0 0.631641 0.463889 0.027344 0.036111
1 0.557422 0.466667 0.032031 0.063889
0 0.464453 0.423611 0.021094 0.030556
0 0.428906 0.425000 0.018750 0.025000
0 0.394141 0.422222 0.021094 0.030556
0 0.539062 0.417361 0.017188 0.026389
0 0.573438 0.397222 0.014063 0.016667
0 0.553125 0.397222 0.015625 0.022222
0 0.435156 0.387500 0.014063 0.019444
0 0.473438 0.402778 0.014063 0.022222
0 0.457813 0.381250 0.012500 0.018056
0 0.439844 0.377083 0.009375 0.015278
0 0.523438 0.370139 0.010937 0.018056
0 0.542188 0.374306 0.010937 0.012500
0 0.559375 0.368750 0.010937 0.018056
0 0.563672 0.378472 0.011719 0.015278
0 0.477734 0.384722 0.013281 0.013889
0 0.464453 0.371528 0.008594 0.015278
0 0.482812 0.372917 0.010937 0.015278
0 0.452734 0.363194 0.008594 0.012500
0 0.537500 0.361111 0.007812 0.013889
0 0.487891 0.361806 0.007031 0.012500
