0 0.221875 0.770139 0.085938 0.134722
0 0.311719 0.931944 0.128125 0.136111
1 0.691406 0.845139 0.134375 0.309722
0 0.732422 0.713889 0.086719 0.161111
1 0.701953 0.520833 0.119531 0.188889
1 0.111328 0.742361 0.221094 0.445833
0 0.425391 0.557639 0.046094 0.076389
0 0.571484 0.529861 0.038281 0.076389
0 0.605078 0.498611 0.032031 0.050000
0 0.359766 0.540278 0.038281 0.052778
0 0.326953 0.502083 0.035156 0.051389
0 0.452344 0.471528 0.028125 0.037500
0 0.396094 0.429861 0.023438 0.031944
0 0.430078 0.425000 0.019531 0.030556
0 0.460156 0.434028 0.021875 0.026389
0 0.539062 0.426389 0.020313 0.030556
0 0.569141 0.423611 0.021094 0.030556
0 0.598437 0.427083 0.020313 0.029167
0 0.408984 0.413889 0.016406 0.022222
0 0.439844 0.404861 0.014063 0.023611
0 0.469141 0.405556 0.014844 0.019444
0 0.474219 0.386111 0.010937 0.016667
0 0.433594 0.383333 0.010937 0.013889
1 0.443750 0.355556 0.020313 0.047222
0 0.484375 0.368750 0.009375 0.012500
0 0.466406 0.363889 0.010937 0.022222
0 0.532422 0.392361 0.013281 0.020833
0 0.566016 0.381944 0.010156 0.016667
0 0.546484 0.377778 0.010156 0.016667
1 0.526563 0.369444 0.012500 0.022222
