0 0.897656 0.914583 0.184375 0.170833
0 0.130469 0.936111 0.128125 0.127778
0 0.356641 0.813194 0.094531 0.148611
0 0.265625 0.693750 0.068750 0.098611
0 0.599219 0.604861 0.050000 0.101389
0 0.630859 0.540972 0.044531 0.054167
1 0.131250 0.675000 0.260937 0.372222
1 0.761328 0.593056 0.161719 0.272222
0 0.434375 0.522222 0.040625 0.069444
0 0.340234 0.483333 0.033594 0.044444
0 0.375391 0.514583 0.036719 0.045833
0 0.455469 0.458333 0.021875 0.027778
0 0.545312 0.449306 0.021875 0.034722
0 0.579688 0.440972 0.020313 0.034722
0 0.610547 0.440972 0.024219 0.029167
0 0.401562 0.422222 0.018750 0.025000
0 0.463672 0.427083 0.016406 0.026389
0 0.435547 0.415278 0.014844 0.022222
0 0.534375 0.402083 0.015625 0.026389
0 0.412500 0.409028 0.014063 0.020833
0 0.570312 0.390278 0.017188 0.022222
0 0.470703 0.399306 0.014844 0.020833
0 0.442969 0.398611 0.014063 0.022222
0 0.549609 0.384722 0.013281 0.019444
0 0.526953 0.375694 0.013281 0.026389
0 0.476172 0.382639 0.011719 0.018056
0 0.436719 0.381250 0.012500 0.015278
1 0.446484 0.354861 0.017969 0.045833
0 0.485938 0.366667 0.009375 0.013889
0 0.537891 0.361806 0.010156 0.012500
0 0.468359 0.360417 0.011719 0.023611
0 0.554297 0.366667 0.008594 0.011111
0 0.551172 0.358333 0.008594 0.013889
