0 0.292187 0.953472 0.123438 0.093056
0 0.058594 0.854861 0.115625 0.145833
0 0.704297 0.639583 0.064844 0.101389
0 0.394922 0.646528 0.053906 0.084722
0 0.327344 0.586806 0.054688 0.073611
0 0.700391 0.547917 0.055469 0.065278
0 0.308594 0.529167 0.046875 0.061111
0 0.366797 0.457639 0.024219 0.031944
0 0.402344 0.467361 0.026562 0.037500
0 0.546094 0.450694 0.021875 0.037500
0 0.583203 0.451389 0.021094 0.030556
0 0.617188 0.450000 0.026562 0.033333
0 0.593359 0.417361 0.019531 0.040278
0 0.453516 0.446528 0.021094 0.031944
0 0.435547 0.422917 0.019531 0.026389
0 0.470313 0.402778 0.015625 0.025000
0 0.438281 0.410417 0.017188 0.026389
0 0.551172 0.397222 0.016406 0.027778
0 0.531641 0.389583 0.016406 0.026389
0 0.429297 0.386806 0.019531 0.023611
0 0.457031 0.380556 0.010937 0.022222
0 0.479687 0.377778 0.014063 0.022222
1 0.401562 0.397917 0.039062 0.073611
