0 0.141406 0.722222 0.093750 0.108333
0 0.369922 0.780556 0.078906 0.125000
0 0.658984 0.790278 0.088281 0.161111
0 0.769922 0.784722 0.089844 0.127778
0 0.761719 0.623611 0.062500 0.088889
0 0.407031 0.607639 0.051562 0.073611
0 0.311719 0.620833 0.059375 0.075000
0 0.274219 0.566667 0.053125 0.061111
0 0.435937 0.501389 0.026562 0.041667
0 0.657813 0.498611 0.037500 0.058333
0 0.581641 0.452083 0.021094 0.034722
0 0.541016 0.434028 0.019531 0.031944
0 0.395313 0.478472 0.029687 0.037500
0 0.369531 0.456250 0.023438 0.034722
0 0.428125 0.418750 0.018750 0.023611
0 0.401172 0.420139 0.017969 0.023611
0 0.467187 0.407639 0.017188 0.023611
0 0.575781 0.397222 0.012500 0.019444
0 0.546094 0.384028 0.010937 0.020833
0 0.478125 0.381250 0.012500 0.018056
0 0.448047 0.397917 0.011719 0.018056
0 0.455078 0.388889 0.010156 0.016667
0 0.442969 0.375000 0.009375 0.013889
0 0.521875 0.371528 0.010937 0.012500
0 0.487500 0.364583 0.009375 0.018056
1 0.423438 0.377083 0.026562 0.051389
