0 0.059375 0.836111 0.117188 0.133333
0 0.330078 0.918750 0.111719 0.162500
0 0.273828 0.687500 0.077344 0.097222
0 0.393750 0.664583 0.057813 0.090278
0 0.598047 0.604861 0.049219 0.087500
0 0.672266 0.610417 0.047656 0.073611
0 0.698047 0.551389 0.041406 0.066667
0 0.241016 0.609028 0.055469 0.070833
0 0.428125 0.525694 0.035937 0.048611
0 0.381641 0.497917 0.030469 0.040278
0 0.632812 0.465278 0.028125 0.047222
0 0.571875 0.432639 0.018750 0.026389
0 0.534766 0.415972 0.016406 0.026389
0 0.356250 0.470139 0.025000 0.034722
0 0.393359 0.427778 0.014844 0.025000
0 0.422656 0.427778 0.020313 0.027778
0 0.463281 0.415278 0.015625 0.022222
0 0.446484 0.403472 0.016406 0.023611
0 0.450781 0.392361 0.014063 0.020833
0 0.476953 0.387500 0.017969 0.025000
1 0.417578 0.381250 0.030469 0.056944
0 0.439063 0.377778 0.012500 0.016667
0 0.570312 0.389583 0.012500 0.020833
0 0.543750 0.377083 0.012500 0.018056
0 0.560156 0.374306 0.009375 0.015278
0 0.521875 0.368750 0.009375 0.012500
0 0.464453 0.370139 0.010156 0.012500
