0 0.737109 0.910417 0.132031 0.179167
0 0.376172 0.713194 0.067969 0.098611
0 0.646484 0.547222 0.044531 0.063889
0 0.297266 0.637500 0.069531 0.083333
0 0.284766 0.556250 0.044531 0.065278
0 0.659766 0.495139 0.036719 0.043056
0 0.393359 0.480556 0.028906 0.038889
0 0.353516 0.472917 0.025781 0.037500
0 0.448828 0.464583 0.024219 0.034722
0 0.428516 0.432639 0.019531 0.026389
0 0.539453 0.429167 0.021094 0.030556
0 0.570312 0.432639 0.017188 0.026389
0 0.603125 0.431250 0.021875 0.029167
0 0.584375 0.404167 0.020313 0.033333
0 0.466797 0.411806 0.017969 0.026389
0 0.434375 0.415972 0.020313 0.029167
0 0.425000 0.391667 0.014063 0.027778
0 0.455469 0.384722 0.014063 0.019444
0 0.478516 0.384028 0.017969 0.026389
0 0.548828 0.388194 0.016406 0.020833
0 0.528125 0.378472 0.012500 0.018056
1 0.394141 0.402778 0.044531 0.072222
