1 0.671094 0.763194 0.109375 0.226389
0 0.105078 0.927778 0.175781 0.144444
0 0.735156 0.711111 0.075000 0.136111
0 0.158203 0.703472 0.089844 0.098611
0 0.744141 0.609028 0.072656 0.098611
0 0.297266 0.534028 0.041406 0.048611
0 0.348438 0.550694 0.050000 0.059722
0 0.429297 0.520139 0.038281 0.048611
0 0.570312 0.499306 0.031250 0.048611
0 0.580078 0.440972 0.021094 0.034722
0 0.601172 0.431250 0.019531 0.031944
0 0.460938 0.443056 0.026562 0.036111
0 0.406250 0.468056 0.023438 0.038889
0 0.413672 0.441667 0.025781 0.025000
0 0.471094 0.397917 0.017188 0.023611
0 0.412500 0.404167 0.015625 0.027778
0 0.526953 0.392361 0.013281 0.026389
0 0.551562 0.394444 0.015625 0.016667
0 0.578906 0.396528 0.014063 0.023611
0 0.569141 0.381944 0.011719 0.025000
1 0.368750 0.426389 0.062500 0.091667
0 0.444141 0.399306 0.017969 0.020833
0 0.443750 0.376389 0.012500 0.016667
0 0.478906 0.384028 0.012500 0.018056
0 0.465625 0.370833 0.009375 0.019444
0 0.541016 0.372917 0.011719 0.018056
0 0.482812 0.373611 0.014063 0.016667
0 0.472266 0.362500 0.008594 0.016667
0 0.458203 0.358333 0.007031 0.013889
0 0.525000 0.363194 0.009375 0.015278
0 0.486719 0.363194 0.009375 0.015278
