0 0.888281 0.947917 0.121875 0.104167
0 0.306641 0.936111 0.124219 0.127778
0 0.828516 0.704167 0.096094 0.119444
0 0.194141 0.803472 0.111719 0.140278
0 0.217188 0.643056 0.068750 0.077778
0 0.587891 0.554861 0.044531 0.062500
0 0.367969 0.528472 0.040625 0.059722
0 0.319922 0.509028 0.032031 0.043056
0 0.437109 0.498611 0.028906 0.050000
0 0.615234 0.445833 0.022656 0.027778
0 0.414453 0.456944 0.022656 0.036111
0 0.461328 0.430556 0.021094 0.030556
0 0.422656 0.436806 0.021875 0.031944
0 0.530078 0.399306 0.016406 0.020833
0 0.555859 0.401389 0.014844 0.022222
0 0.584375 0.406944 0.018750 0.022222
0 0.416797 0.400694 0.019531 0.023611
0 0.446484 0.394444 0.014844 0.019444
0 0.475000 0.392361 0.018750 0.023611
0 0.574609 0.388889 0.019531 0.019444
1 0.379297 0.419444 0.053906 0.086111
0 0.447266 0.373611 0.010156 0.016667
0 0.467969 0.365972 0.010937 0.012500
0 0.481641 0.378472 0.010156 0.015278
0 0.525391 0.368056 0.010156 0.013889
0 0.542969 0.377083 0.010937 0.015278
