0 0.855859 0.753472 0.111719 0.143056
0 0.225781 0.770833 0.100000 0.133333
0 0.371875 0.739583 0.076563 0.129167
0 0.197266 0.662500 0.074219 0.094444
0 0.369141 0.522222 0.044531 0.055556
0 0.419922 0.554167 0.035156 0.052778
0 0.572656 0.528472 0.034375 0.051389
0 0.627734 0.531944 0.035156 0.044444
0 0.662109 0.504167 0.030469 0.050000
0 0.615234 0.446528 0.025781 0.037500
0 0.344922 0.486111 0.030469 0.036111
0 0.532031 0.404167 0.015625 0.022222
0 0.385937 0.435417 0.017188 0.026389
0 0.416797 0.438889 0.021094 0.027778
0 0.459766 0.426389 0.019531 0.022222
0 0.562891 0.415278 0.014844 0.025000
0 0.441406 0.407639 0.012500 0.023611
0 0.447656 0.395139 0.014063 0.023611
0 0.474219 0.392361 0.012500 0.020833
0 0.436719 0.379861 0.009375 0.018056
0 0.483594 0.372222 0.012500 0.016667
0 0.462500 0.371528 0.012500 0.015278
1 0.413281 0.388194 0.034375 0.062500
0 0.540625 0.375000 0.009375 0.013889
0 0.566406 0.382639 0.012500 0.018056
0 0.557813 0.370833 0.010937 0.016667
