0 0.068750 0.815972 0.114062 0.129167
1 0.600391 0.588889 0.063281 0.138889
0 0.326172 0.590278 0.050781 0.080556
0 0.271484 0.563194 0.042969 0.065278
0 0.657813 0.582639 0.051562 0.084722
0 0.691016 0.538889 0.044531 0.069444
0 0.421094 0.555556 0.035937 0.055556
0 0.395703 0.484722 0.025781 0.041667
0 0.408594 0.456944 0.025000 0.036111
0 0.454297 0.459028 0.024219 0.031944
0 0.554297 0.461111 0.025781 0.038889
1 0.357031 0.436111 0.064062 0.105556
0 0.406250 0.408333 0.020313 0.030556
0 0.439063 0.405556 0.017188 0.022222
0 0.472266 0.404861 0.021094 0.029167
0 0.568359 0.421528 0.019531 0.029167
0 0.591406 0.416667 0.020313 0.027778
0 0.477344 0.390278 0.014063 0.019444
0 0.442188 0.379861 0.014063 0.015278
0 0.446484 0.373611 0.010156 0.016667
0 0.547266 0.384028 0.011719 0.015278
0 0.573047 0.390278 0.013281 0.019444
0 0.564844 0.377778 0.014063 0.019444
0 0.526563 0.380556 0.014063 0.019444
0 0.481250 0.375000 0.010937 0.016667
0 0.462891 0.372917 0.010156 0.015278
0 0.469922 0.364583 0.010156 0.015278
0 0.485547 0.365278 0.013281 0.016667
0 0.491016 0.357639 0.010156 0.020833
1 0.466797 0.343750 0.017969 0.034722
0 0.525391 0.360417 0.011719 0.015278
0 0.540625 0.368056 0.010937 0.013889
