0 0.343750 0.813889 0.087500 0.133333
0 0.255469 0.700000 0.085938 0.113889
0 0.967187 0.911806 0.065625 0.168056
0 0.632422 0.667361 0.066406 0.104167
0 0.255859 0.594444 0.055469 0.072222
0 0.616797 0.504861 0.038281 0.059722
0 0.634375 0.472222 0.034375 0.036111
0 0.381250 0.500000 0.035937 0.061111
0 0.338281 0.488889 0.029687 0.050000
0 0.442578 0.480556 0.030469 0.047222
0 0.420312 0.442361 0.017188 0.026389
0 0.464844 0.421528 0.020313 0.026389
0 0.427344 0.423611 0.017188 0.030556
0 0.534375 0.411111 0.017188 0.027778
0 0.562891 0.414583 0.016406 0.020833
0 0.590234 0.418056 0.019531 0.027778
0 0.578125 0.397917 0.018750 0.026389
0 0.421094 0.394444 0.014063 0.025000
0 0.453125 0.391667 0.014063 0.027778
0 0.475781 0.387500 0.017188 0.025000
1 0.387500 0.411111 0.046875 0.080556
0 0.545703 0.380556 0.013281 0.016667
0 0.526953 0.372222 0.011719 0.019444
