0 0.335938 0.856944 0.096875 0.158333
0 0.817187 0.816667 0.112500 0.177778
0 0.142187 0.913889 0.145313 0.172222
0 0.134375 0.734028 0.096875 0.118056
0 0.408594 0.596528 0.048438 0.065278
0 0.349219 0.554861 0.046875 0.062500
0 0.327344 0.507639 0.035937 0.051389
0 0.748437 0.613889 0.064062 0.088889
0 0.557422 0.479861 0.038281 0.048611
0 0.603125 0.480556 0.035937 0.050000
0 0.638281 0.468056 0.032813 0.052778
0 0.377344 0.444444 0.018750 0.033333
0 0.408984 0.452778 0.025781 0.033333
0 0.456641 0.436806 0.016406 0.029167
0 0.602344 0.431250 0.021875 0.034722
0 0.556641 0.404861 0.014844 0.023611
0 0.438672 0.414583 0.014844 0.023611
0 0.472656 0.397917 0.014063 0.023611
0 0.530078 0.392361 0.016406 0.020833
0 0.433203 0.383333 0.011719 0.019444
1 0.407813 0.389583 0.037500 0.062500
0 0.460156 0.375694 0.009375 0.012500
0 0.562500 0.378472 0.010937 0.012500
0 0.482812 0.375694 0.012500 0.020833
0 0.458594 0.362500 0.009375 0.011111
0 0.540234 0.368750 0.011719 0.015278
