0 0.295312 0.938194 0.120313 0.123611
0 0.251172 0.734722 0.083594 0.116667
0 0.249609 0.585417 0.060156 0.068056
0 0.353516 0.547222 0.038281 0.069444
0 0.777734 0.643750 0.069531 0.090278
0 0.559766 0.518750 0.033594 0.051389
0 0.632422 0.541667 0.039844 0.063889
1 0.422656 0.534722 0.046875 0.100000
0 0.643359 0.486806 0.028906 0.043056
0 0.453906 0.465278 0.021875 0.038889
0 0.368750 0.459722 0.026562 0.041667
0 0.391406 0.433333 0.020313 0.030556
0 0.421484 0.439583 0.022656 0.026389
0 0.457031 0.434028 0.020313 0.029167
0 0.609375 0.440972 0.025000 0.037500
0 0.591406 0.415278 0.018750 0.027778
0 0.561719 0.416667 0.017188 0.025000
0 0.537891 0.419444 0.017969 0.027778
0 0.467578 0.406944 0.014844 0.022222
0 0.444922 0.399306 0.016406 0.023611
0 0.428516 0.393056 0.011719 0.022222
0 0.436328 0.378472 0.011719 0.020833
0 0.457031 0.377778 0.012500 0.016667
0 0.530078 0.386806 0.011719 0.020833
0 0.546875 0.386111 0.014063 0.019444
0 0.564453 0.379861 0.011719 0.020833
0 0.579688 0.402778 0.018750 0.025000
0 0.483594 0.370833 0.012500 0.016667
0 0.525781 0.374306 0.010937 0.015278
0 0.545703 0.375000 0.014844 0.013889
0 0.574609 0.390278 0.014844 0.019444
