0 0.753906 0.618056 0.062500 0.108333
0 0.408203 0.634722 0.047656 0.077778
0 0.247266 0.593750 0.058594 0.079167
0 0.357422 0.540972 0.038281 0.062500
0 0.427734 0.536806 0.038281 0.059722
0 0.322266 0.515278 0.033594 0.052778
0 0.445312 0.463194 0.023438 0.031944
0 0.562891 0.492361 0.035156 0.045833
0 0.619141 0.522917 0.035156 0.048611
0 0.413672 0.450000 0.027344 0.033333
0 0.387500 0.433333 0.020313 0.027778
0 0.592578 0.418056 0.019531 0.030556
0 0.553125 0.398611 0.012500 0.022222
0 0.438672 0.405556 0.016406 0.025000
0 0.411328 0.406944 0.014844 0.019444
0 0.573047 0.390972 0.016406 0.020833
0 0.524609 0.386111 0.017969 0.019444
0 0.471484 0.395833 0.016406 0.019444
0 0.455078 0.388194 0.014844 0.020833
0 0.480469 0.372222 0.012500 0.019444
0 0.459375 0.377778 0.010937 0.013889
0 0.541797 0.376389 0.010156 0.016667
0 0.562891 0.377778 0.010156 0.016667
0 0.553516 0.384722 0.013281 0.016667
1 0.431641 0.370833 0.025781 0.044444
1 0.262500 0.947222 0.184375 0.105556
