0 0.214062 0.786806 0.103125 0.131944
1 0.351562 0.774306 0.117188 0.259722
0 0.720313 0.708333 0.075000 0.119444
0 0.616016 0.660417 0.060156 0.095833
0 0.428906 0.551389 0.037500 0.063889
0 0.306641 0.531250 0.042969 0.059722
0 0.353125 0.478472 0.029687 0.040278
0 0.385547 0.494444 0.032031 0.041667
0 0.439844 0.488194 0.031250 0.040278
0 0.619531 0.452083 0.031250 0.031944
0 0.455078 0.440972 0.019531 0.029167
0 0.426563 0.429167 0.021875 0.027778
0 0.404297 0.417361 0.014844 0.023611
0 0.566016 0.422222 0.019531 0.027778
0 0.585547 0.410417 0.014844 0.018056
0 0.528906 0.406944 0.018750 0.022222
0 0.420312 0.395833 0.010937 0.016667
0 0.445703 0.395833 0.013281 0.016667
0 0.476562 0.386806 0.014063 0.018056
0 0.565625 0.395833 0.014063 0.019444
0 0.525781 0.381944 0.010937 0.016667
0 0.460156 0.379861 0.009375 0.015278
0 0.463281 0.372222 0.009375 0.013889
0 0.453125 0.365972 0.007812 0.015278
1 0.438672 0.365972 0.019531 0.043056
0 0.525000 0.368750 0.009375 0.012500
0 0.483984 0.368056 0.008594 0.013889
