0 0.119922 0.925694 0.150781 0.145833
0 0.863281 0.750694 0.117188 0.176389
0 0.651563 0.586111 0.051562 0.077778
0 0.579688 0.549306 0.039062 0.068056
0 0.418750 0.593056 0.045312 0.075000
0 0.280469 0.559722 0.053125 0.066667
0 0.337500 0.498611 0.034375 0.055556
0 0.431641 0.509722 0.033594 0.047222
0 0.372266 0.518056 0.036719 0.055556
0 0.451172 0.452778 0.021094 0.036111
0 0.420703 0.438194 0.024219 0.031944
0 0.395703 0.427083 0.017969 0.029167
0 0.603125 0.430556 0.018750 0.025000
0 0.558594 0.409722 0.017188 0.027778
0 0.578516 0.400694 0.016406 0.020833
0 0.526563 0.393750 0.015625 0.020833
0 0.416406 0.402083 0.014063 0.020833
0 0.442188 0.401389 0.012500 0.019444
0 0.474219 0.390278 0.014063 0.019444
0 0.458203 0.384722 0.010156 0.016667
1 0.435937 0.369444 0.023438 0.047222
0 0.559375 0.389583 0.012500 0.020833
0 0.543750 0.377083 0.009375 0.015278
0 0.525781 0.377083 0.010937 0.015278
0 0.482422 0.372222 0.010156 0.016667
0 0.460938 0.376389 0.009375 0.022222
0 0.450000 0.368056 0.009375 0.016667
0 0.475000 0.359722 0.007812 0.013889
0 0.524219 0.365278 0.009375 0.011111
0 0.537891 0.363889 0.010156 0.013889
1 0.301172 0.865972 0.160156 0.243056
