0 0.100781 0.972222 0.121875 0.055556
0 0.150000 0.697917 0.092188 0.101389
0 0.307812 0.629861 0.057813 0.090278
1 0.397656 0.618750 0.065625 0.154167
0 0.664844 0.505556 0.029687 0.055556
0 0.342969 0.489583 0.031250 0.045833
0 0.443359 0.501389 0.028906 0.047222
0 0.375781 0.452778 0.023438 0.036111
0 0.403516 0.463194 0.022656 0.031944
0 0.587891 0.459722 0.021094 0.036111
0 0.606641 0.438194 0.019531 0.029167
0 0.538672 0.441667 0.022656 0.033333
0 0.463281 0.423611 0.017188 0.025000
0 0.437500 0.411806 0.017188 0.023611
0 0.416406 0.404861 0.012500 0.020833
0 0.448828 0.457639 0.022656 0.029167
0 0.583984 0.411806 0.019531 0.029167
0 0.530469 0.395833 0.014063 0.019444
0 0.551953 0.396528 0.014844 0.020833
0 0.576953 0.397917 0.014844 0.018056
0 0.429297 0.386806 0.008594 0.015278
0 0.451953 0.384028 0.011719 0.018056
0 0.480469 0.375000 0.010937 0.013889
1 0.446484 0.359028 0.019531 0.034722
0 0.526953 0.375000 0.011719 0.013889
0 0.542578 0.375000 0.011719 0.013889
0 0.568750 0.384722 0.010937 0.016667
0 0.565234 0.377778 0.010156 0.013889
0 0.557422 0.369444 0.010156 0.016667
0 0.541406 0.365972 0.010937 0.009722
