0 0.043359 0.914583 0.085156 0.151389
0 0.132812 0.944444 0.129688 0.111111
0 0.643359 0.776389 0.083594 0.152778
0 0.762891 0.773611 0.096094 0.150000
0 0.374609 0.706944 0.071094 0.111111
0 0.724609 0.585417 0.052344 0.070833
0 0.328516 0.601389 0.052344 0.072222
0 0.304688 0.520833 0.051562 0.052778
0 0.385937 0.498611 0.037500 0.061111
1 0.439844 0.483333 0.034375 0.080556
0 0.548828 0.458333 0.021094 0.033333
0 0.580469 0.448611 0.021875 0.033333
0 0.609766 0.440278 0.024219 0.030556
0 0.592578 0.415278 0.016406 0.022222
0 0.385937 0.437500 0.020313 0.030556
0 0.405078 0.415972 0.017969 0.026389
0 0.434766 0.422917 0.022656 0.026389
0 0.459766 0.436111 0.019531 0.030556
0 0.462109 0.417361 0.014844 0.026389
0 0.534375 0.402083 0.017188 0.026389
0 0.553906 0.400694 0.015625 0.020833
0 0.582031 0.401389 0.015625 0.019444
0 0.571094 0.388194 0.014063 0.023611
0 0.547656 0.384722 0.014063 0.019444
0 0.527734 0.386111 0.014844 0.016667
0 0.472656 0.394444 0.015625 0.013889
0 0.452344 0.388194 0.014063 0.018056
0 0.435937 0.384722 0.012500 0.016667
0 0.443750 0.371528 0.009375 0.009722
0 0.462891 0.370833 0.010156 0.011111
0 0.485938 0.362500 0.009375 0.013889
0 0.473828 0.362500 0.007031 0.013889
1 0.455078 0.350694 0.016406 0.031944
0 0.539062 0.369444 0.009375 0.011111
0 0.524219 0.375000 0.010937 0.013889
