0 0.696484 0.695139 0.002344 0.001389
0 0.183203 0.854167 0.114844 0.150000
0 0.204687 0.634722 0.076563 0.083333
0 0.332031 0.579167 0.050000 0.075000
1 0.409766 0.569444 0.052344 0.122222
0 0.706250 0.553472 0.048438 0.062500
0 0.606641 0.493056 0.033594 0.044444
0 0.355469 0.472917 0.028125 0.037500
0 0.450000 0.481250 0.029687 0.037500
0 0.412891 0.450694 0.022656 0.026389
0 0.383984 0.440972 0.021094 0.026389
0 0.546484 0.468750 0.025781 0.031944
0 0.622266 0.456944 0.025781 0.033333
0 0.453516 0.445833 0.021094 0.030556
0 0.594922 0.423611 0.022656 0.030556
0 0.464453 0.413194 0.017969 0.026389
0 0.441406 0.405556 0.017188 0.025000
0 0.422656 0.397917 0.015625 0.023611
0 0.432812 0.384722 0.010937 0.016667
0 0.453906 0.381944 0.010937 0.013889
0 0.532422 0.406250 0.014844 0.023611
0 0.555859 0.405556 0.016406 0.022222
0 0.582031 0.404861 0.015625 0.020833
0 0.573438 0.392361 0.012500 0.020833
0 0.528906 0.381944 0.015625 0.019444
0 0.560547 0.373611 0.011719 0.019444
0 0.481641 0.372917 0.013281 0.015278
0 0.467578 0.370833 0.010156 0.016667
1 0.446875 0.359028 0.021875 0.037500
