0 0.341797 0.815278 0.088281 0.147222
0 0.294922 0.658333 0.058594 0.083333
0 0.914453 0.809722 0.114844 0.155556
0 0.674609 0.613194 0.057031 0.087500
0 0.585156 0.591667 0.048438 0.083333
0 0.672656 0.527778 0.046875 0.058333
0 0.280469 0.551389 0.053125 0.066667
0 0.367969 0.520833 0.040625 0.058333
1 0.432812 0.511111 0.045312 0.105556
0 0.377734 0.446528 0.022656 0.031944
0 0.398438 0.425000 0.017188 0.027778
0 0.426953 0.430556 0.016406 0.025000
0 0.457813 0.452083 0.020313 0.034722
0 0.460938 0.426389 0.018750 0.027778
0 0.541016 0.434722 0.019531 0.030556
0 0.568359 0.429861 0.022656 0.026389
0 0.626172 0.460417 0.027344 0.045833
0 0.598828 0.427083 0.019531 0.029167
0 0.585156 0.405556 0.018750 0.025000
0 0.531641 0.394444 0.013281 0.019444
0 0.550000 0.390972 0.014063 0.018056
0 0.575391 0.393056 0.013281 0.022222
0 0.469922 0.401389 0.014844 0.019444
0 0.448828 0.393056 0.016406 0.022222
0 0.433203 0.388889 0.014844 0.025000
0 0.440234 0.379861 0.011719 0.020833
0 0.459375 0.376389 0.010937 0.019444
