0 0.066406 0.793056 0.128125 0.116667
0 0.701172 0.912500 0.119531 0.175000
0 0.871094 0.942361 0.140625 0.115278
0 0.267969 0.692361 0.078125 0.098611
1 0.378125 0.677778 0.089063 0.188889
0 0.325781 0.509028 0.040625 0.045833
0 0.435547 0.523611 0.028906 0.047222
0 0.394141 0.477083 0.025781 0.034722
0 0.365234 0.465972 0.025781 0.040278
0 0.444922 0.471528 0.025781 0.031944
0 0.637500 0.470139 0.026562 0.034722
0 0.575000 0.438194 0.018750 0.031944
0 0.594922 0.422222 0.016406 0.025000
0 0.457813 0.429167 0.020313 0.025000
0 0.432812 0.418750 0.020313 0.023611
0 0.410938 0.411111 0.017188 0.025000
0 0.424609 0.393750 0.011719 0.018056
0 0.448828 0.391667 0.013281 0.022222
0 0.532031 0.418750 0.020313 0.026389
0 0.575781 0.404861 0.018750 0.020833
0 0.528516 0.388194 0.010156 0.018056
0 0.548828 0.389583 0.014844 0.020833
0 0.476562 0.382639 0.012500 0.018056
0 0.462109 0.376389 0.008594 0.013889
1 0.442578 0.364583 0.021094 0.040278
0 0.526563 0.374306 0.012500 0.009722
