0 0.201172 0.658333 0.074219 0.097222
0 0.866016 0.759722 0.096094 0.158333
0 0.388672 0.697222 0.066406 0.097222
0 0.419531 0.573611 0.046875 0.063889
0 0.336719 0.582639 0.051562 0.084722
0 0.297266 0.544444 0.041406 0.069444
0 0.694141 0.543056 0.053906 0.077778
0 0.597656 0.481944 0.031250 0.055556
0 0.551172 0.458333 0.033594 0.047222
0 0.441406 0.481250 0.028125 0.045833
0 0.403125 0.459722 0.034375 0.047222
0 0.378516 0.444444 0.021094 0.033333
0 0.406250 0.412500 0.014063 0.025000
0 0.433984 0.413194 0.016406 0.023611
0 0.469141 0.403472 0.013281 0.018056
0 0.451562 0.390972 0.010937 0.018056
0 0.480469 0.377083 0.010937 0.018056
0 0.457031 0.382639 0.012500 0.020833
0 0.445703 0.371528 0.010156 0.015278
0 0.427344 0.374306 0.028125 0.048611
0 0.523828 0.378472 0.011719 0.018056
0 0.549219 0.390972 0.012500 0.018056
0 0.582812 0.406250 0.012500 0.023611
0 0.567969 0.386111 0.012500 0.019444
0 0.469141 0.363194 0.010156 0.012500
0 0.548438 0.377083 0.010937 0.018056
