0 0.060156 0.839583 0.118750 0.143056
0 0.136719 0.930556 0.153125 0.138889
0 0.684375 0.844444 0.101562 0.200000
0 0.903125 0.799306 0.126562 0.154167
0 0.718750 0.705556 0.078125 0.136111
0 0.772656 0.640278 0.056250 0.083333
0 0.386719 0.631944 0.062500 0.105556
0 0.690234 0.534028 0.038281 0.051389
0 0.611719 0.506250 0.032813 0.054167
0 0.564844 0.522917 0.031250 0.051389
0 0.437891 0.521528 0.032031 0.045833
0 0.348438 0.485417 0.032813 0.045833
0 0.403516 0.475694 0.024219 0.037500
0 0.453906 0.445139 0.020313 0.029167
0 0.546094 0.456250 0.025000 0.043056
0 0.570312 0.435417 0.020313 0.029167
0 0.403125 0.412500 0.017188 0.022222
0 0.425781 0.429861 0.017188 0.031944
0 0.438672 0.405556 0.016406 0.019444
0 0.528125 0.400000 0.015625 0.022222
0 0.428125 0.387500 0.012500 0.016667
0 0.438672 0.376389 0.010156 0.016667
0 0.459375 0.379861 0.010937 0.015278
0 0.551953 0.394444 0.011719 0.019444
1 0.580469 0.386111 0.028125 0.063889
0 0.563281 0.374306 0.010937 0.018056
0 0.525000 0.381944 0.010937 0.016667
0 0.542969 0.368750 0.012500 0.012500
0 0.521875 0.366667 0.010937 0.013889
1 0.471484 0.391667 0.016406 0.033333
0 0.478516 0.381250 0.010156 0.015278
0 0.479687 0.375694 0.007812 0.012500
0 0.485156 0.364583 0.009375 0.009722
