0 0.353906 0.826389 0.085938 0.141667
0 0.220312 0.639583 0.075000 0.084722
0 0.605078 0.639583 0.052344 0.084722
0 0.809766 0.678472 0.088281 0.131944
0 0.317969 0.629167 0.057813 0.083333
0 0.420312 0.553472 0.039062 0.056944
0 0.636719 0.557639 0.037500 0.059722
0 0.383984 0.506944 0.033594 0.044444
0 0.355078 0.468056 0.028906 0.038889
0 0.669141 0.517361 0.035156 0.045833
0 0.628906 0.459028 0.026562 0.034722
0 0.547266 0.443750 0.019531 0.029167
0 0.573438 0.435417 0.020313 0.031944
0 0.609766 0.435417 0.019531 0.026389
0 0.411328 0.448611 0.017969 0.030556
1 0.455469 0.436111 0.023438 0.050000
0 0.404297 0.414583 0.017969 0.026389
0 0.531250 0.409028 0.014063 0.020833
0 0.419922 0.400694 0.011719 0.026389
0 0.448047 0.403472 0.013281 0.023611
0 0.468750 0.411806 0.015625 0.029167
0 0.469531 0.396528 0.012500 0.020833
0 0.527344 0.390278 0.015625 0.022222
0 0.558203 0.406944 0.014844 0.019444
0 0.592969 0.414583 0.017188 0.023611
0 0.545312 0.383333 0.012500 0.016667
0 0.478516 0.379861 0.011719 0.018056
0 0.459766 0.378472 0.013281 0.018056
0 0.443750 0.373611 0.010937 0.016667
1 0.559766 0.359722 0.016406 0.038889
1 0.462500 0.347222 0.014063 0.030556
