0 0.861328 0.911806 0.147656 0.176389
0 0.878516 0.764583 0.092969 0.140278
0 0.133203 0.738194 0.097656 0.131944
0 0.226562 0.780556 0.104688 0.133333
0 0.401172 0.581250 0.047656 0.087500
0 0.581250 0.586806 0.053125 0.087500
0 0.635938 0.552778 0.045312 0.069444
0 0.742188 0.595833 0.070312 0.111111
0 0.360156 0.471528 0.028125 0.040278
0 0.445703 0.500694 0.027344 0.040278
0 0.413281 0.459028 0.023438 0.031944
0 0.553906 0.488194 0.026562 0.040278
0 0.580859 0.450694 0.021094 0.034722
0 0.457813 0.431944 0.018750 0.027778
0 0.429688 0.422917 0.017188 0.023611
0 0.408984 0.406250 0.017969 0.023611
0 0.443359 0.402778 0.014844 0.025000
0 0.432031 0.384028 0.012500 0.020833
1 0.473828 0.386111 0.014844 0.036111
0 0.531641 0.409722 0.016406 0.025000
0 0.556250 0.403472 0.014063 0.020833
1 0.588281 0.393056 0.031250 0.066667
0 0.528125 0.387500 0.012500 0.019444
0 0.569141 0.379167 0.014844 0.025000
0 0.543359 0.372222 0.010156 0.016667
0 0.522656 0.370139 0.012500 0.018056
0 0.441406 0.374306 0.009375 0.018056
0 0.462109 0.377778 0.011719 0.019444
0 0.460547 0.359722 0.008594 0.019444
0 0.470703 0.359722 0.008594 0.013889
0 0.485938 0.362500 0.007812 0.011111
0 0.480078 0.376389 0.007031 0.019444
