0 0.328906 0.785417 0.087500 0.154167
0 0.894922 0.797222 0.105469 0.152778
0 0.419141 0.590278 0.044531 0.066667
0 0.715234 0.572222 0.053906 0.080556
0 0.583594 0.560417 0.040625 0.076389
0 0.314063 0.527083 0.040625 0.051389
0 0.381250 0.514583 0.031250 0.051389
0 0.619922 0.522222 0.035156 0.058333
0 0.667969 0.511806 0.029687 0.054167
0 0.631641 0.465278 0.030469 0.044444
0 0.581250 0.450000 0.025000 0.033333
0 0.545703 0.456944 0.024219 0.038889
0 0.444922 0.476389 0.024219 0.038889
0 0.413281 0.456250 0.026562 0.040278
0 0.386719 0.431250 0.021875 0.029167
0 0.430469 0.420833 0.018750 0.025000
0 0.532813 0.421528 0.015625 0.026389
0 0.558203 0.409722 0.016406 0.025000
0 0.465625 0.405556 0.018750 0.038889
0 0.419922 0.399306 0.011719 0.023611
0 0.432422 0.386111 0.011719 0.016667
0 0.456250 0.386806 0.009375 0.018056
0 0.545703 0.382639 0.010156 0.020833
0 0.525781 0.386806 0.012500 0.015278
1 0.569531 0.373611 0.023438 0.047222
1 0.472266 0.393750 0.013281 0.037500
0 0.453125 0.366667 0.007812 0.013889
0 0.465234 0.368056 0.011719 0.016667
0 0.482422 0.371528 0.010156 0.018056
0 0.523438 0.373611 0.010937 0.013889
