0 0.792188 0.840278 0.107813 0.161111
0 0.270313 0.922917 0.142187 0.154167
0 0.403516 0.644444 0.052344 0.102778
0 0.771094 0.640972 0.057813 0.095833
0 0.289062 0.559028 0.054688 0.059722
0 0.364453 0.543056 0.036719 0.050000
0 0.674219 0.520139 0.040625 0.051389
0 0.567187 0.500000 0.029687 0.047222
0 0.597266 0.481944 0.028906 0.044444
0 0.639453 0.478472 0.024219 0.040278
0 0.436719 0.495833 0.026562 0.036111
0 0.404687 0.468056 0.025000 0.033333
0 0.377734 0.440972 0.022656 0.031944
0 0.425391 0.429167 0.021094 0.025000
0 0.539062 0.436111 0.018750 0.030556
0 0.570312 0.429861 0.017188 0.031944
0 0.615234 0.443750 0.022656 0.029167
1 0.462109 0.414583 0.022656 0.040278
0 0.416016 0.403472 0.014844 0.020833
0 0.428516 0.390278 0.013281 0.016667
0 0.451953 0.391667 0.011719 0.019444
0 0.472266 0.397222 0.011719 0.025000
0 0.531250 0.411806 0.015625 0.023611
0 0.551562 0.400000 0.017188 0.019444
1 0.566797 0.370139 0.021094 0.043056
0 0.523828 0.381250 0.011719 0.018056
0 0.542969 0.377083 0.009375 0.012500
