0 0.317188 0.940278 0.107813 0.119444
0 0.171484 0.702778 0.091406 0.102778
0 0.281641 0.695139 0.072656 0.093056
0 0.961328 0.902083 0.077344 0.168056
0 0.732422 0.583333 0.061719 0.086111
0 0.409375 0.590278 0.045312 0.069444
0 0.365625 0.526389 0.035937 0.055556
0 0.341406 0.480556 0.031250 0.036111
0 0.405078 0.462500 0.024219 0.033333
0 0.577734 0.547917 0.033594 0.056944
0 0.608594 0.507639 0.028125 0.043056
0 0.643359 0.485417 0.027344 0.045833
1 0.451953 0.450000 0.027344 0.058333
0 0.541406 0.427778 0.017188 0.027778
0 0.612891 0.443750 0.021094 0.031944
0 0.596875 0.423611 0.017188 0.025000
0 0.564844 0.421528 0.015625 0.029167
0 0.397266 0.420139 0.016406 0.029167
0 0.416016 0.404167 0.014844 0.022222
0 0.442578 0.409722 0.016406 0.022222
0 0.467578 0.419444 0.017969 0.022222
0 0.467969 0.404167 0.014063 0.022222
0 0.527734 0.399306 0.013281 0.018056
0 0.551953 0.395833 0.016406 0.019444
0 0.582812 0.404861 0.015625 0.023611
0 0.442578 0.378472 0.008594 0.015278
0 0.457422 0.379861 0.011719 0.012500
0 0.475781 0.383333 0.012500 0.019444
0 0.525000 0.384028 0.010937 0.015278
0 0.542969 0.379167 0.010937 0.016667
1 0.556641 0.359028 0.016406 0.034722
1 0.460547 0.348611 0.014844 0.030556
0 0.449219 0.367361 0.007812 0.015278
0 0.467187 0.365972 0.007812 0.012500
0 0.488281 0.359722 0.007812 0.011111
0 0.476562 0.357639 0.006250 0.012500
0 0.521094 0.367361 0.009375 0.012500
0 0.538281 0.365278 0.007812 0.013889
