0 0.361328 0.693056 0.080469 0.116667
0 0.610156 0.640972 0.057813 0.104167
0 0.776172 0.647222 0.077344 0.091667
0 0.652734 0.583333 0.060156 0.091667
0 0.702344 0.563889 0.045312 0.075000
0 0.427344 0.550694 0.040625 0.062500
0 0.331641 0.506250 0.036719 0.045833
0 0.393359 0.495139 0.028906 0.045833
0 0.551953 0.482639 0.027344 0.045833
0 0.592187 0.470139 0.031250 0.043056
0 0.655469 0.493750 0.035937 0.048611
0 0.450000 0.459028 0.023438 0.037500
0 0.419922 0.444444 0.022656 0.030556
0 0.393750 0.422222 0.018750 0.027778
0 0.539844 0.438889 0.018750 0.036111
0 0.562500 0.417361 0.021875 0.026389
0 0.435156 0.413194 0.017188 0.026389
0 0.423828 0.392361 0.013281 0.023611
1 0.469531 0.399306 0.017188 0.037500
0 0.526953 0.392361 0.013281 0.020833
0 0.547656 0.386806 0.010937 0.020833
1 0.574609 0.377083 0.027344 0.051389
0 0.434766 0.381250 0.010156 0.015278
0 0.457813 0.385417 0.012500 0.015278
0 0.475391 0.385417 0.011719 0.018056
0 0.477734 0.381250 0.008594 0.018056
0 0.483203 0.370139 0.008594 0.018056
0 0.468359 0.365278 0.011719 0.016667
0 0.455078 0.363889 0.010156 0.016667
0 0.524609 0.376389 0.011719 0.016667
0 0.541016 0.364583 0.010156 0.012500
0 0.523047 0.364583 0.011719 0.018056
0 0.556641 0.363889 0.005469 0.005556
