0 0.191406 0.661111 0.078125 0.102778
0 0.283203 0.681944 0.066406 0.105556
0 0.840234 0.717361 0.097656 0.129167
0 0.615625 0.707639 0.067187 0.129167
0 0.687109 0.635417 0.060156 0.093056
0 0.415625 0.540278 0.043750 0.069444
0 0.566406 0.534028 0.031250 0.059722
0 0.448437 0.481944 0.026562 0.041667
0 0.597266 0.480556 0.025781 0.038889
0 0.372656 0.455556 0.026562 0.033333
0 0.420312 0.446528 0.018750 0.029167
0 0.460938 0.422222 0.015625 0.027778
0 0.534766 0.422917 0.017969 0.026389
0 0.562109 0.415278 0.014844 0.025000
0 0.435156 0.413889 0.014063 0.022222
0 0.413672 0.400000 0.014844 0.022222
0 0.435547 0.379861 0.010156 0.015278
0 0.446875 0.395833 0.014063 0.016667
0 0.530078 0.394444 0.013281 0.019444
1 0.598047 0.404167 0.036719 0.075000
0 0.570703 0.385417 0.011719 0.018056
0 0.546484 0.378472 0.011719 0.015278
0 0.523438 0.375694 0.010937 0.015278
0 0.444141 0.369444 0.010156 0.019444
0 0.463281 0.373611 0.010937 0.016667
1 0.477344 0.379861 0.017188 0.031944
0 0.461328 0.358333 0.007031 0.011111
0 0.473438 0.359028 0.009375 0.012500
0 0.487891 0.360417 0.007031 0.009722
0 0.482422 0.373611 0.007031 0.013889
0 0.483594 0.368750 0.006250 0.009722
0 0.523438 0.359722 0.009375 0.013889
0 0.537500 0.363194 0.009375 0.015278
