0 0.095312 0.795833 0.121875 0.130556
0 0.224609 0.804167 0.097656 0.125000
0 0.806250 0.683333 0.076563 0.113889
0 0.393750 0.640972 0.053125 0.087500
0 0.350000 0.560417 0.039062 0.056944
0 0.681641 0.527083 0.049219 0.073611
0 0.324609 0.499306 0.035156 0.045833
0 0.396484 0.478472 0.028906 0.040278
0 0.559375 0.490278 0.028125 0.044444
0 0.588672 0.471528 0.027344 0.034722
0 0.623828 0.458333 0.022656 0.030556
1 0.446094 0.464583 0.029687 0.065278
0 0.391797 0.427778 0.017969 0.025000
0 0.409766 0.410417 0.014844 0.023611
0 0.438281 0.413194 0.015625 0.023611
0 0.462891 0.427778 0.017969 0.027778
0 0.465234 0.407639 0.014844 0.020833
0 0.536719 0.414583 0.017188 0.026389
0 0.474609 0.390972 0.011719 0.018056
0 0.600391 0.427778 0.017969 0.027778
0 0.558203 0.408333 0.016406 0.025000
0 0.586719 0.409722 0.014063 0.019444
0 0.576562 0.395139 0.015625 0.020833
0 0.551562 0.389583 0.014063 0.015278
0 0.526563 0.391667 0.012500 0.022222
0 0.454297 0.384722 0.013281 0.019444
0 0.438672 0.380556 0.010156 0.019444
0 0.445312 0.370833 0.007812 0.011111
0 0.464844 0.369444 0.009375 0.016667
0 0.540625 0.372917 0.010937 0.012500
0 0.526172 0.379167 0.010156 0.016667
1 0.458203 0.349306 0.016406 0.029167
0 0.487109 0.361806 0.008594 0.012500
