0 0.688281 0.881944 0.104688 0.183333
0 0.951953 0.883333 0.096094 0.213889
0 0.385937 0.710417 0.060937 0.098611
0 0.687891 0.654861 0.058594 0.095833
0 0.713672 0.574306 0.047656 0.076389
0 0.260937 0.590278 0.060937 0.066667
0 0.344141 0.579167 0.046094 0.066667
0 0.430469 0.524306 0.031250 0.059722
0 0.396094 0.482639 0.029687 0.034722
0 0.366797 0.451389 0.025781 0.033333
0 0.647266 0.487500 0.032031 0.041667
0 0.555078 0.468056 0.024219 0.036111
0 0.584766 0.456944 0.021094 0.041667
0 0.622656 0.454861 0.020313 0.031944
0 0.418750 0.440278 0.020313 0.033333
0 0.410547 0.406944 0.014844 0.027778
1 0.458984 0.424306 0.024219 0.048611
0 0.535547 0.421528 0.019531 0.029167
0 0.563672 0.418056 0.017969 0.025000
0 0.602344 0.427083 0.020313 0.023611
0 0.424219 0.394444 0.012500 0.019444
0 0.449609 0.397222 0.014844 0.019444
0 0.469922 0.402083 0.013281 0.020833
0 0.470313 0.392361 0.010937 0.020833
0 0.479297 0.378472 0.010156 0.018056
0 0.462109 0.373611 0.010156 0.013889
0 0.449219 0.370833 0.009375 0.013889
0 0.529687 0.399306 0.014063 0.020833
0 0.548438 0.390278 0.014063 0.019444
0 0.522656 0.374306 0.012500 0.018056
0 0.541016 0.372222 0.010156 0.016667
1 0.561719 0.364583 0.015625 0.040278
0 0.471875 0.361806 0.009375 0.015278
