0 0.055078 0.831944 0.108594 0.152778
0 0.185938 0.865972 0.109375 0.176389
0 0.368359 0.775000 0.083594 0.133333
0 0.632031 0.739583 0.076563 0.143056
0 0.646484 0.573611 0.050781 0.075000
0 0.267969 0.575694 0.054688 0.068056
0 0.348047 0.571528 0.049219 0.068056
0 0.433203 0.489583 0.033594 0.065278
0 0.544531 0.460417 0.025000 0.040278
0 0.578516 0.445833 0.021094 0.041667
1 0.625781 0.427778 0.054688 0.094444
0 0.392188 0.433333 0.021875 0.027778
0 0.457031 0.450694 0.025000 0.029167
0 0.430078 0.422917 0.014844 0.023611
0 0.536719 0.412500 0.015625 0.025000
0 0.467578 0.404167 0.016406 0.022222
0 0.444141 0.403472 0.014844 0.018056
0 0.424219 0.390972 0.015625 0.020833
0 0.582031 0.402778 0.015625 0.019444
0 0.551562 0.388889 0.014063 0.019444
0 0.526172 0.387500 0.013281 0.022222
0 0.451562 0.387500 0.012500 0.022222
0 0.442578 0.375000 0.011719 0.016667
0 0.450391 0.367361 0.010156 0.018056
0 0.468359 0.369444 0.011719 0.016667
1 0.481641 0.372222 0.013281 0.030556
1 0.567187 0.370833 0.025000 0.052778
0 0.539844 0.371528 0.012500 0.018056
