1 0.186719 0.600694 0.225000 0.281944
0 0.219141 0.810417 0.097656 0.165278
0 0.344141 0.867361 0.108594 0.198611
0 0.719141 0.914583 0.133594 0.170833
0 0.784766 0.635417 0.078906 0.106944
0 0.414844 0.563889 0.042188 0.063889
0 0.569922 0.536806 0.038281 0.062500
0 0.650391 0.552083 0.042969 0.065278
1 0.674219 0.469444 0.087500 0.144444
0 0.346875 0.479167 0.029687 0.041667
0 0.401562 0.467361 0.032813 0.037500
0 0.452344 0.454167 0.025000 0.030556
0 0.585156 0.456250 0.025000 0.040278
0 0.603125 0.433333 0.020313 0.027778
0 0.537891 0.430556 0.019531 0.030556
0 0.392578 0.430556 0.019531 0.025000
0 0.435937 0.415972 0.020313 0.023611
0 0.469141 0.397917 0.013281 0.026389
1 0.583594 0.391667 0.028125 0.050000
0 0.530078 0.404861 0.014844 0.020833
0 0.434766 0.383333 0.011719 0.019444
0 0.477734 0.387500 0.011719 0.019444
0 0.526953 0.388194 0.011719 0.018056
0 0.546484 0.379861 0.011719 0.015278
0 0.568750 0.388194 0.012500 0.018056
0 0.525000 0.373611 0.010937 0.019444
0 0.460938 0.379167 0.014063 0.019444
0 0.451562 0.365278 0.010937 0.013889
