1 0.089453 0.761806 0.177344 0.409722
1 0.878125 0.740972 0.243750 0.481944
0 0.758984 0.742361 0.080469 0.134722
0 0.348047 0.775694 0.091406 0.143056
0 0.691016 0.922917 0.119531 0.154167
0 0.293359 0.538194 0.039844 0.056944
0 0.367578 0.531944 0.044531 0.058333
0 0.437500 0.515972 0.039062 0.054167
0 0.572656 0.527083 0.037500 0.056944
0 0.644141 0.476389 0.027344 0.050000
0 0.584375 0.446528 0.029687 0.040278
0 0.539844 0.443056 0.028125 0.038889
0 0.415625 0.444444 0.026562 0.036111
0 0.365234 0.465972 0.035156 0.043056
0 0.459375 0.420139 0.018750 0.029167
0 0.423047 0.396528 0.017969 0.026389
0 0.471875 0.404861 0.015625 0.020833
0 0.449219 0.390278 0.014063 0.022222
1 0.606641 0.410417 0.041406 0.084722
0 0.558203 0.406944 0.016406 0.025000
0 0.576953 0.398611 0.016406 0.019444
1 0.567578 0.372222 0.021094 0.038889
0 0.528125 0.393056 0.012500 0.019444
0 0.526172 0.381250 0.010156 0.015278
0 0.478906 0.378472 0.012500 0.018056
0 0.442188 0.372917 0.010937 0.018056
0 0.457422 0.378472 0.011719 0.018056
