0 0.125391 0.740972 0.094531 0.120833
0 0.251563 0.747222 0.085938 0.141667
0 0.725000 0.965972 0.089063 0.068056
0 0.391406 0.686806 0.067187 0.098611
0 0.694531 0.649306 0.068750 0.106944
0 0.292187 0.542361 0.046875 0.056944
0 0.367188 0.532639 0.037500 0.051389
0 0.552734 0.486111 0.025781 0.047222
0 0.441406 0.469444 0.028125 0.044444
0 0.591016 0.468056 0.024219 0.041667
1 0.643750 0.450000 0.065625 0.119444
0 0.398438 0.425694 0.025000 0.029167
0 0.460938 0.442361 0.020313 0.029167
0 0.435156 0.415278 0.015625 0.025000
0 0.540625 0.425000 0.020313 0.030556
0 0.590234 0.408333 0.017969 0.025000
0 0.554688 0.397222 0.015625 0.025000
0 0.527344 0.392361 0.017188 0.020833
0 0.470313 0.398611 0.014063 0.022222
0 0.446094 0.396528 0.012500 0.015278
0 0.428906 0.386111 0.012500 0.016667
0 0.454297 0.381944 0.011719 0.016667
1 0.570703 0.372917 0.033594 0.048611
0 0.444531 0.372222 0.012500 0.019444
0 0.483594 0.369444 0.012500 0.030556
