0 0.291797 0.922917 0.139844 0.154167
1 0.060547 0.784722 0.119531 0.355556
1 0.793359 0.606944 0.185156 0.297222
0 0.617578 0.719444 0.067969 0.144444
0 0.680859 0.620139 0.057031 0.101389
0 0.431641 0.540972 0.044531 0.065278
0 0.352344 0.560417 0.051562 0.073611
0 0.270703 0.573611 0.052344 0.102778
0 0.347266 0.481250 0.030469 0.045833
0 0.408594 0.464583 0.026562 0.043056
0 0.557031 0.488194 0.029687 0.045833
0 0.624219 0.451389 0.023438 0.036111
0 0.575781 0.431944 0.021875 0.030556
0 0.536719 0.425694 0.018750 0.026389
0 0.417969 0.402083 0.017188 0.020833
0 0.456250 0.429167 0.023438 0.030556
0 0.468359 0.411806 0.013281 0.018056
0 0.447656 0.393750 0.014063 0.020833
1 0.595313 0.399306 0.032813 0.065278
0 0.553125 0.398611 0.014063 0.022222
0 0.571484 0.393056 0.014844 0.022222
0 0.439453 0.376389 0.013281 0.016667
0 0.453906 0.382639 0.012500 0.015278
0 0.477734 0.383333 0.014844 0.016667
0 0.461328 0.372917 0.010156 0.015278
0 0.453906 0.364583 0.010937 0.015278
0 0.460938 0.359722 0.009375 0.011111
0 0.475391 0.359722 0.011719 0.013889
0 0.526953 0.386806 0.011719 0.015278
1 0.562500 0.368750 0.018750 0.037500
0 0.526953 0.377083 0.011719 0.015278
