1 0.115625 0.747917 0.229687 0.484722
1 0.944531 0.793056 0.110937 0.388889
0 0.932422 0.965972 0.114844 0.068056
0 0.594141 0.595833 0.061719 0.083333
0 0.388281 0.677778 0.071875 0.108333
0 0.314063 0.514583 0.039062 0.054167
0 0.379688 0.510417 0.035937 0.051389
0 0.443359 0.485417 0.030469 0.043056
0 0.673438 0.510417 0.037500 0.051389
0 0.598437 0.473611 0.029687 0.047222
0 0.547656 0.463889 0.028125 0.036111
0 0.621875 0.425694 0.051562 0.104167
0 0.566406 0.421528 0.017188 0.029167
0 0.371094 0.452083 0.021875 0.037500
0 0.424219 0.437500 0.018750 0.030556
0 0.462109 0.413194 0.017969 0.031944
0 0.584375 0.409028 0.018750 0.026389
0 0.531250 0.402083 0.020313 0.018056
1 0.572656 0.379861 0.025000 0.040278
0 0.427344 0.392361 0.015625 0.018056
0 0.473438 0.397917 0.012500 0.020833
0 0.452734 0.387500 0.013281 0.022222
0 0.446484 0.371528 0.010156 0.018056
0 0.527344 0.388194 0.010937 0.018056
0 0.481250 0.373611 0.012500 0.016667
