0 0.238281 0.612500 0.062500 0.069444
0 0.321875 0.607639 0.050000 0.093056
0 0.416016 0.577778 0.055469 0.075000
0 0.582812 0.586806 0.043750 0.070833
0 0.636328 0.544444 0.033594 0.069444
1 0.715625 0.522222 0.117188 0.191667
0 0.332031 0.500694 0.031250 0.043056
0 0.396094 0.484722 0.028125 0.044444
0 0.550781 0.459028 0.025000 0.037500
0 0.609375 0.433333 0.020313 0.033333
0 0.451172 0.442361 0.022656 0.037500
0 0.413281 0.410417 0.017188 0.023611
0 0.466797 0.420833 0.014844 0.019444
0 0.444531 0.402778 0.014063 0.025000
0 0.533203 0.412500 0.017969 0.025000
0 0.566016 0.416667 0.016406 0.025000
1 0.585547 0.390972 0.028906 0.056944
0 0.435156 0.378472 0.010937 0.018056
0 0.451562 0.387500 0.010937 0.013889
0 0.475000 0.386806 0.010937 0.015278
0 0.548828 0.388889 0.011719 0.019444
0 0.566406 0.383333 0.012500 0.019444
0 0.526172 0.377778 0.011719 0.019444
1 0.560156 0.363889 0.018750 0.036111
0 0.459375 0.377083 0.010937 0.018056
0 0.451953 0.366667 0.011719 0.016667
0 0.474219 0.361806 0.007812 0.012500
0 0.486719 0.365972 0.012500 0.015278
