0 0.796875 0.821528 0.120313 0.173611
0 0.191797 0.665972 0.075781 0.101389
0 0.292969 0.657639 0.070312 0.090278
0 0.412500 0.622917 0.062500 0.079167
0 0.314844 0.517361 0.035937 0.045833
0 0.382812 0.504167 0.034375 0.050000
0 0.566406 0.529861 0.035937 0.054167
0 0.610547 0.499306 0.030469 0.048611
1 0.675000 0.481250 0.085938 0.151389
0 0.445312 0.452083 0.026562 0.040278
0 0.407031 0.417361 0.017188 0.029167
0 0.545312 0.440972 0.021875 0.034722
0 0.462891 0.429167 0.017969 0.025000
0 0.439453 0.406944 0.014844 0.027778
0 0.597656 0.419444 0.017188 0.025000
0 0.560937 0.404167 0.015625 0.022222
0 0.528906 0.400000 0.015625 0.019444
0 0.472266 0.393056 0.013281 0.016667
0 0.450391 0.391667 0.013281 0.016667
0 0.432812 0.383333 0.012500 0.019444
0 0.457031 0.378472 0.012500 0.018056
0 0.449609 0.369444 0.010156 0.019444
0 0.472266 0.365278 0.011719 0.016667
0 0.482812 0.367361 0.012500 0.023611
0 0.546094 0.382639 0.012500 0.018056
1 0.575391 0.383333 0.033594 0.052778
1 0.557813 0.363194 0.020313 0.037500
