0 0.126562 0.937500 0.143750 0.125000
0 0.289844 0.964583 0.115625 0.070833
0 0.626563 0.696528 0.070312 0.115278
0 0.712891 0.556250 0.055469 0.056944
1 0.133203 0.666667 0.264844 0.375000
0 0.401953 0.609722 0.052344 0.077778
0 0.329297 0.497222 0.035156 0.050000
0 0.391406 0.489583 0.034375 0.043056
0 0.449219 0.476389 0.025000 0.038889
0 0.556641 0.499306 0.033594 0.059722
0 0.618750 0.505556 0.037500 0.055556
0 0.641016 0.446528 0.060156 0.118056
0 0.381641 0.442361 0.017969 0.026389
0 0.429688 0.426389 0.021875 0.033333
0 0.573828 0.436111 0.021094 0.036111
0 0.533594 0.415278 0.017188 0.027778
0 0.592578 0.420139 0.017969 0.026389
0 0.464844 0.408333 0.015625 0.027778
0 0.428516 0.386806 0.016406 0.020833
0 0.474609 0.393056 0.011719 0.016667
0 0.527734 0.394444 0.014844 0.019444
1 0.578125 0.385417 0.025000 0.048611
0 0.456250 0.382639 0.010937 0.018056
0 0.447656 0.368750 0.009375 0.015278
0 0.527344 0.379167 0.010937 0.016667
0 0.543750 0.375000 0.010937 0.013889
0 0.564063 0.380556 0.010937 0.016667
