0 0.329297 0.914583 0.111719 0.170833
0 0.695703 0.925694 0.114844 0.148611
0 0.775391 0.793056 0.100781 0.144444
0 0.976562 0.915278 0.046875 0.152778
0 0.589063 0.598611 0.046875 0.088889
0 0.230859 0.613194 0.058594 0.076389
0 0.319531 0.620139 0.050000 0.084722
0 0.425781 0.511806 0.032813 0.054167
0 0.614844 0.511111 0.032813 0.047222
0 0.453125 0.464583 0.023438 0.031944
0 0.382812 0.445833 0.023438 0.030556
0 0.423828 0.434722 0.019531 0.030556
0 0.539453 0.438194 0.022656 0.037500
0 0.568750 0.427778 0.015625 0.027778
1 0.608594 0.414583 0.043750 0.084722
0 0.464453 0.414583 0.016406 0.023611
0 0.439453 0.407639 0.014844 0.020833
0 0.419531 0.395833 0.015625 0.022222
0 0.449609 0.391667 0.013281 0.022222
0 0.438672 0.379167 0.011719 0.019444
0 0.447656 0.370833 0.009375 0.011111
0 0.464844 0.371528 0.009375 0.015278
1 0.479297 0.378472 0.016406 0.031944
0 0.532813 0.403472 0.014063 0.020833
0 0.575781 0.392361 0.014063 0.018056
0 0.549219 0.384028 0.010937 0.018056
0 0.523438 0.379167 0.012500 0.016667
1 0.564063 0.363889 0.018750 0.044444
