0 0.600391 0.649306 0.057031 0.101389
1 0.744531 0.554861 0.131250 0.195833
0 0.402734 0.630556 0.050781 0.086111
0 0.298828 0.631944 0.067969 0.091667
0 0.230078 0.615972 0.061719 0.079167
0 0.558594 0.484722 0.026562 0.044444
0 0.633594 0.471528 0.026562 0.040278
0 0.449219 0.474306 0.026562 0.045833
0 0.395703 0.481944 0.025781 0.038889
1 0.360547 0.439583 0.064844 0.109722
0 0.586328 0.450000 0.024219 0.033333
0 0.609375 0.434028 0.021875 0.029167
0 0.539844 0.428472 0.017188 0.029167
0 0.458203 0.429167 0.019531 0.030556
0 0.408984 0.409028 0.016406 0.026389
0 0.592187 0.413889 0.015625 0.022222
0 0.560156 0.406944 0.017188 0.025000
0 0.532031 0.397917 0.017188 0.020833
0 0.473438 0.397222 0.015625 0.022222
0 0.442969 0.399306 0.014063 0.020833
0 0.432031 0.385417 0.010937 0.015278
0 0.459375 0.376389 0.009375 0.013889
0 0.528125 0.377778 0.012500 0.016667
0 0.560156 0.370139 0.014063 0.023611
