0 0.710156 0.935417 0.123438 0.129167
0 0.934375 0.965972 0.117188 0.068056
1 0.875391 0.727083 0.249219 0.462500
0 0.655078 0.573611 0.050781 0.077778
0 0.416406 0.590278 0.051562 0.080556
0 0.338672 0.584722 0.047656 0.063889
1 0.293750 0.501389 0.115625 0.166667
0 0.562500 0.513194 0.037500 0.054167
0 0.666797 0.508333 0.036719 0.055556
0 0.440625 0.481944 0.031250 0.044444
0 0.380078 0.440972 0.022656 0.037500
0 0.541406 0.444444 0.020313 0.038889
1 0.616406 0.427778 0.048438 0.086111
0 0.423438 0.432639 0.017188 0.031944
0 0.463672 0.423611 0.019531 0.030556
0 0.533984 0.409028 0.016406 0.023611
0 0.585547 0.409028 0.014844 0.023611
0 0.557031 0.398611 0.015625 0.019444
0 0.412891 0.408333 0.014844 0.025000
0 0.448047 0.394444 0.011719 0.022222
0 0.473438 0.384028 0.012500 0.023611
0 0.529297 0.386806 0.013281 0.018056
0 0.576562 0.393750 0.014063 0.018056
