0 0.321875 0.927778 0.112500 0.133333
0 0.058203 0.832639 0.114844 0.137500
0 0.088281 0.936806 0.171875 0.126389
0 0.718750 0.674306 0.078125 0.123611
0 0.941797 0.784028 0.116406 0.393056
0 0.429297 0.550694 0.044531 0.073611
0 0.581250 0.575694 0.042188 0.070833
0 0.708594 0.556944 0.048438 0.066667
0 0.358984 0.547917 0.039844 0.054167
1 0.316406 0.480556 0.093750 0.144444
0 0.548828 0.470833 0.024219 0.038889
0 0.447266 0.464583 0.024219 0.037500
1 0.634766 0.443750 0.057031 0.090278
0 0.388672 0.433333 0.021094 0.033333
0 0.428906 0.422222 0.015625 0.027778
0 0.466016 0.415278 0.019531 0.025000
0 0.537891 0.422917 0.016406 0.026389
0 0.594141 0.421528 0.017969 0.026389
0 0.562500 0.408333 0.015625 0.019444
0 0.582812 0.402083 0.015625 0.020833
0 0.531641 0.395139 0.014844 0.018056
0 0.418359 0.399306 0.013281 0.020833
0 0.451953 0.388889 0.013281 0.016667
