0 0.120313 0.933333 0.162500 0.133333
0 0.625781 0.706250 0.071875 0.115278
0 0.750391 0.608333 0.058594 0.086111
0 0.375391 0.699306 0.074219 0.120833
0 0.178906 0.684028 0.084375 0.093056
0 0.643750 0.536806 0.043750 0.051389
0 0.656250 0.493750 0.039062 0.048611
0 0.564453 0.510417 0.038281 0.048611
0 0.310156 0.521528 0.042188 0.051389
0 0.369141 0.511806 0.039844 0.056944
0 0.434766 0.518750 0.033594 0.051389
0 0.628906 0.458333 0.026562 0.033333
0 0.581641 0.450000 0.027344 0.038889
0 0.540625 0.430556 0.018750 0.033333
1 0.387500 0.409722 0.046875 0.080556
0 0.419531 0.442361 0.020313 0.031944
0 0.459375 0.433333 0.018750 0.030556
0 0.466797 0.404167 0.014844 0.022222
0 0.425000 0.392361 0.014063 0.020833
0 0.533984 0.397222 0.016406 0.022222
0 0.572656 0.385417 0.017188 0.023611
0 0.453906 0.384028 0.010937 0.018056
0 0.478125 0.380556 0.012500 0.016667
0 0.546875 0.382639 0.012500 0.018056
0 0.443750 0.375000 0.010937 0.016667
