0 0.345313 0.806250 0.092188 0.148611
1 0.910156 0.784722 0.179688 0.405556
0 0.117188 0.752778 0.104688 0.113889
0 0.590625 0.586111 0.043750 0.072222
0 0.694141 0.539583 0.041406 0.056944
0 0.286328 0.544444 0.042969 0.063889
0 0.350391 0.542361 0.049219 0.070833
0 0.427734 0.549306 0.036719 0.062500
0 0.617188 0.495833 0.031250 0.038889
0 0.636719 0.466667 0.028125 0.038889
0 0.551953 0.473611 0.027344 0.038889
0 0.457422 0.446528 0.025781 0.040278
0 0.411719 0.452083 0.021875 0.029167
1 0.379297 0.418056 0.050781 0.086111
0 0.614453 0.440972 0.024219 0.029167
0 0.572266 0.431250 0.019531 0.029167
0 0.537500 0.415972 0.017188 0.023611
0 0.463672 0.410417 0.016406 0.023611
0 0.419141 0.397917 0.014844 0.020833
0 0.450000 0.389583 0.010937 0.018056
0 0.531641 0.389583 0.016406 0.026389
