1 0.227344 0.555556 0.178125 0.219444
0 0.274609 0.703472 0.069531 0.115278
0 0.377734 0.727083 0.082031 0.131944
0 0.592578 0.603472 0.055469 0.081944
0 0.902734 0.768750 0.122656 0.176389
0 0.693359 0.625000 0.061719 0.086111
0 0.710547 0.515278 0.108594 0.186111
0 0.426953 0.531250 0.038281 0.051389
0 0.358594 0.467361 0.028125 0.037500
0 0.408984 0.455556 0.024219 0.033333
0 0.599219 0.480556 0.031250 0.041667
0 0.621875 0.451389 0.023438 0.033333
0 0.544922 0.450694 0.028906 0.040278
0 0.457422 0.445833 0.025781 0.033333
0 0.400391 0.422222 0.017969 0.027778
0 0.440234 0.404861 0.014844 0.023611
0 0.471094 0.393750 0.020313 0.023611
0 0.532422 0.413194 0.017969 0.023611
0 0.529687 0.391667 0.017188 0.016667
1 0.592187 0.400000 0.031250 0.058333
0 0.479687 0.381944 0.009375 0.013889
0 0.438672 0.379861 0.011719 0.020833
0 0.571875 0.393056 0.012500 0.022222
0 0.549609 0.384722 0.013281 0.022222
0 0.566406 0.379167 0.012500 0.019444
