0 0.659766 0.836806 0.094531 0.176389
0 0.290625 0.931250 0.137500 0.137500
0 0.057813 0.854167 0.114062 0.152778
1 0.841797 0.661806 0.214844 0.323611
0 0.418750 0.580556 0.043750 0.069444
0 0.328906 0.581250 0.056250 0.076389
0 0.263672 0.572222 0.057031 0.058333
0 0.571484 0.526389 0.033594 0.052778
0 0.658203 0.500000 0.033594 0.047222
0 0.600391 0.470139 0.025781 0.034722
0 0.623437 0.450000 0.023438 0.036111
0 0.403906 0.465278 0.021875 0.036111
0 0.452344 0.455556 0.025000 0.033333
0 0.545312 0.449306 0.023438 0.031944
0 0.601953 0.427083 0.021094 0.026389
0 0.565234 0.416667 0.017969 0.025000
0 0.535156 0.405556 0.018750 0.025000
0 0.462109 0.417361 0.016406 0.026389
1 0.371094 0.428472 0.056250 0.098611
0 0.414844 0.403472 0.014063 0.020833
0 0.446875 0.394444 0.012500 0.019444
0 0.473047 0.390278 0.014844 0.019444
0 0.437109 0.381250 0.010156 0.015278
0 0.530859 0.386111 0.016406 0.022222
0 0.563281 0.375000 0.014063 0.019444
0 0.461719 0.372222 0.007812 0.013889
