0 0.835938 0.884028 0.140625 0.229167
0 0.612500 0.675694 0.067187 0.104167
0 0.767969 0.622917 0.070312 0.090278
0 0.358203 0.803472 0.085156 0.145833
0 0.186328 0.822222 0.127344 0.172222
0 0.125781 0.736111 0.109375 0.127778
0 0.374219 0.522917 0.035937 0.051389
0 0.436328 0.520139 0.036719 0.062500
0 0.559766 0.506250 0.033594 0.045833
1 0.657813 0.467361 0.068750 0.115278
1 0.330859 0.464583 0.080469 0.131944
0 0.396484 0.425000 0.019531 0.027778
0 0.450781 0.452083 0.028125 0.037500
0 0.542188 0.437500 0.020313 0.033333
0 0.603125 0.432639 0.020313 0.034722
0 0.568359 0.422222 0.021094 0.030556
0 0.423047 0.395139 0.011719 0.018056
0 0.434766 0.413889 0.016406 0.022222
0 0.466797 0.409722 0.017969 0.022222
0 0.533203 0.404167 0.016406 0.022222
0 0.591016 0.411806 0.017969 0.023611
0 0.578906 0.397222 0.014063 0.016667
0 0.550000 0.388889 0.014063 0.016667
0 0.455078 0.384028 0.013281 0.015278
