0 0.685156 0.900694 0.115625 0.198611
0 0.889062 0.777778 0.117188 0.155556
0 0.385937 0.695139 0.068750 0.109722
0 0.260156 0.702083 0.090625 0.126389
0 0.187891 0.660417 0.078906 0.087500
1 0.692969 0.504167 0.090625 0.144444
0 0.574609 0.562500 0.038281 0.072222
0 0.384375 0.500000 0.031250 0.044444
0 0.442188 0.493750 0.031250 0.056944
1 0.347266 0.443750 0.071094 0.112500
0 0.455078 0.436111 0.021094 0.030556
0 0.550781 0.457639 0.021875 0.034722
0 0.578125 0.433333 0.020313 0.027778
0 0.616016 0.447222 0.021094 0.030556
0 0.599219 0.422222 0.018750 0.025000
0 0.584375 0.402778 0.015625 0.019444
0 0.537109 0.415972 0.016406 0.026389
0 0.403516 0.415278 0.016406 0.025000
0 0.439453 0.406250 0.016406 0.020833
0 0.469531 0.403472 0.015625 0.023611
0 0.553516 0.395833 0.014844 0.022222
0 0.529687 0.390278 0.014063 0.022222
0 0.428125 0.390278 0.010937 0.019444
0 0.457813 0.379167 0.010937 0.016667
0 0.478906 0.372917 0.009375 0.018056
