0 0.782422 0.768056 0.096094 0.150000
0 0.628125 0.732639 0.078125 0.143056
1 0.783203 0.593750 0.178906 0.287500
0 0.402344 0.649306 0.059375 0.106944
0 0.313672 0.631944 0.057031 0.083333
1 0.267578 0.523611 0.135156 0.191667
0 0.433594 0.504861 0.031250 0.048611
0 0.622656 0.521528 0.039062 0.062500
0 0.550781 0.477083 0.026562 0.043056
0 0.640625 0.475694 0.028125 0.045833
0 0.368750 0.453472 0.025000 0.031944
0 0.417187 0.445139 0.018750 0.031944
1 0.603125 0.412500 0.040625 0.072222
0 0.536328 0.429167 0.016406 0.027778
0 0.460547 0.431250 0.021094 0.029167
0 0.407031 0.412500 0.015625 0.022222
0 0.444531 0.400694 0.012500 0.020833
0 0.531641 0.400000 0.014844 0.022222
0 0.472266 0.387500 0.013281 0.022222
0 0.441406 0.375694 0.010937 0.015278
0 0.553125 0.390278 0.012500 0.019444
0 0.579297 0.400694 0.013281 0.018056
