0 0.708203 0.916667 0.122656 0.166667
0 0.837891 0.716667 0.089844 0.125000
0 0.219141 0.800000 0.105469 0.138889
0 0.217969 0.638194 0.071875 0.084722
0 0.394922 0.636806 0.060156 0.090278
0 0.681641 0.594444 0.053906 0.069444
0 0.580859 0.566667 0.044531 0.075000
0 0.681250 0.522917 0.040625 0.054167
0 0.326953 0.504861 0.036719 0.043056
0 0.382422 0.490972 0.033594 0.051389
0 0.441016 0.495833 0.030469 0.041667
0 0.647266 0.482639 0.032031 0.045833
0 0.593359 0.471528 0.025781 0.040278
0 0.545703 0.444444 0.025781 0.033333
0 0.426172 0.434028 0.017969 0.029167
0 0.462500 0.424306 0.018750 0.029167
0 0.536719 0.406944 0.015625 0.030556
0 0.575000 0.390278 0.015625 0.027778
1 0.395703 0.404861 0.041406 0.076389
0 0.469922 0.397222 0.014844 0.019444
0 0.457422 0.379167 0.011719 0.016667
0 0.429297 0.386806 0.014844 0.018056
0 0.527344 0.384722 0.014063 0.016667
0 0.549609 0.386111 0.011719 0.016667
0 0.479297 0.377083 0.011719 0.018056
0 0.446875 0.372222 0.010937 0.013889
0 0.525000 0.372222 0.012500 0.013889
