1 0.090625 0.770833 0.179688 0.430556
1 0.371875 0.481944 0.085938 0.155556
0 0.266797 0.579861 0.055469 0.062500
0 0.307422 0.537500 0.044531 0.055556
0 0.389453 0.689583 0.069531 0.101389
0 0.688281 0.638889 0.059375 0.102778
0 0.580859 0.568750 0.044531 0.087500
1 0.722656 0.565278 0.070312 0.094444
0 0.435937 0.540972 0.035937 0.065278
0 0.448047 0.483333 0.027344 0.038889
0 0.419141 0.447917 0.021094 0.031944
0 0.410938 0.407639 0.014063 0.023611
0 0.457813 0.427083 0.020313 0.029167
0 0.546484 0.459722 0.024219 0.036111
0 0.590625 0.456944 0.026562 0.036111
0 0.471094 0.395139 0.014063 0.020833
0 0.444141 0.397222 0.014844 0.022222
0 0.564844 0.415278 0.015625 0.025000
0 0.529297 0.394444 0.013281 0.016667
0 0.459375 0.378472 0.010937 0.018056
0 0.482422 0.373611 0.011719 0.016667
1 0.438672 0.365278 0.024219 0.041667
0 0.544922 0.383333 0.013281 0.019444
0 0.524219 0.379861 0.012500 0.015278
