0 0.301172 0.938194 0.136719 0.123611
0 0.629687 0.645833 0.065625 0.127778
0 0.199609 0.656250 0.080469 0.087500
0 0.260937 0.593056 0.059375 0.077778
0 0.414844 0.615972 0.048438 0.079167
0 0.438672 0.522917 0.030469 0.051389
1 0.332031 0.534722 0.115625 0.211111
0 0.608203 0.502083 0.032031 0.048611
1 0.655469 0.490972 0.045312 0.056944
0 0.403906 0.475694 0.026562 0.043056
0 0.553125 0.477778 0.026562 0.050000
0 0.451172 0.450000 0.024219 0.036111
0 0.397656 0.420139 0.017188 0.026389
0 0.436719 0.410417 0.018750 0.029167
0 0.466406 0.410417 0.018750 0.026389
0 0.537109 0.422917 0.019531 0.026389
0 0.569531 0.421528 0.018750 0.026389
0 0.555078 0.395139 0.014844 0.020833
1 0.432422 0.373611 0.027344 0.052778
0 0.453906 0.387500 0.012500 0.019444
0 0.478516 0.379861 0.011719 0.020833
