0 0.327344 0.925694 0.110937 0.148611
1 0.177344 0.752778 0.303125 0.494444
0 0.753125 0.765278 0.093750 0.138889
0 0.823047 0.687500 0.083594 0.122222
0 0.597656 0.600000 0.054688 0.086111
0 0.410156 0.634028 0.054688 0.081944
0 0.364453 0.545833 0.041406 0.055556
0 0.319531 0.519444 0.037500 0.041667
0 0.435937 0.496528 0.031250 0.048611
0 0.562109 0.475694 0.027344 0.051389
1 0.607031 0.434028 0.026562 0.040278
0 0.375000 0.448611 0.025000 0.033333
0 0.419922 0.434722 0.022656 0.033333
0 0.454688 0.436806 0.020313 0.031944
0 0.568359 0.428472 0.017969 0.029167
0 0.535937 0.418750 0.018750 0.031944
0 0.444141 0.403472 0.014844 0.023611
0 0.471484 0.395833 0.014844 0.025000
0 0.529297 0.393750 0.014844 0.020833
0 0.551953 0.390972 0.013281 0.018056
1 0.418359 0.382639 0.032031 0.056944
0 0.443359 0.373611 0.010156 0.016667
0 0.478125 0.377083 0.009375 0.018056
0 0.544141 0.377083 0.011719 0.015278
