0 0.087500 0.813889 0.126562 0.166667
0 0.373047 0.778472 0.077344 0.129167
0 0.638281 0.722917 0.078125 0.137500
0 0.939063 0.844444 0.121875 0.197222
1 0.255469 0.641667 0.196875 0.333333
0 0.420312 0.584028 0.042188 0.070833
0 0.576953 0.506944 0.038281 0.063889
0 0.378906 0.515972 0.035937 0.048611
0 0.442188 0.477083 0.029687 0.040278
1 0.620313 0.448611 0.034375 0.044444
0 0.577734 0.444444 0.021094 0.030556
0 0.541016 0.434722 0.021094 0.036111
0 0.383594 0.436111 0.021875 0.027778
0 0.426563 0.424306 0.021875 0.031944
0 0.458203 0.427778 0.019531 0.030556
0 0.530859 0.401389 0.014844 0.022222
0 0.557031 0.398611 0.014063 0.022222
0 0.546875 0.380556 0.010937 0.019444
1 0.423828 0.380556 0.030469 0.055556
0 0.447656 0.397222 0.014063 0.019444
0 0.474219 0.388889 0.014063 0.022222
