0 0.910547 0.895139 0.149219 0.181944
0 0.673828 0.861806 0.105469 0.176389
0 0.364063 0.809028 0.076563 0.129167
1 0.113672 0.825694 0.225781 0.345833
0 0.780859 0.639583 0.071094 0.101389
0 0.315625 0.625000 0.064062 0.083333
0 0.278125 0.568056 0.051562 0.058333
0 0.420703 0.545833 0.041406 0.061111
0 0.633203 0.545833 0.041406 0.061111
0 0.704688 0.546528 0.046875 0.059722
0 0.562109 0.493750 0.033594 0.051389
0 0.353125 0.472222 0.026562 0.036111
0 0.405078 0.456944 0.027344 0.038889
0 0.448437 0.459722 0.025000 0.036111
0 0.546094 0.431944 0.021875 0.038889
0 0.587891 0.408333 0.019531 0.030556
1 0.407813 0.392361 0.035937 0.065278
0 0.435156 0.417361 0.015625 0.023611
0 0.466797 0.408333 0.016406 0.025000
0 0.557031 0.402778 0.015625 0.022222
0 0.531250 0.398611 0.015625 0.022222
0 0.473828 0.385417 0.011719 0.018056
0 0.436719 0.379167 0.010937 0.016667
0 0.526172 0.380556 0.011719 0.016667
0 0.545312 0.377083 0.010937 0.015278
0 0.462109 0.372222 0.010156 0.016667
0 0.483203 0.370139 0.010156 0.015278
0 0.452344 0.365278 0.007812 0.013889
