0 0.692969 0.795833 0.104688 0.213889
0 0.359766 0.804167 0.089844 0.144444
1 0.047656 0.818750 0.093750 0.362500
0 0.237891 0.615278 0.067969 0.080556
0 0.286719 0.565278 0.050000 0.066667
0 0.426172 0.571528 0.042969 0.065278
0 0.635938 0.548611 0.040625 0.063889
1 0.683984 0.516667 0.050781 0.066667
1 0.354687 0.503472 0.090625 0.176389
0 0.564844 0.511806 0.035937 0.068056
0 0.443359 0.502083 0.032031 0.045833
0 0.410547 0.462500 0.024219 0.036111
0 0.404297 0.411806 0.016406 0.026389
0 0.454688 0.438889 0.025000 0.033333
0 0.540625 0.438194 0.020313 0.031944
0 0.577734 0.434028 0.017969 0.029167
0 0.440625 0.402083 0.015625 0.023611
0 0.467969 0.402083 0.014063 0.020833
0 0.558984 0.402778 0.016406 0.022222
