1 0.056641 0.916667 0.111719 0.166667
0 0.320312 0.946528 0.109375 0.106944
0 0.977734 0.925694 0.044531 0.148611
0 0.759766 0.702778 0.089844 0.111111
0 0.278516 0.696528 0.072656 0.104167
0 0.253516 0.597222 0.057031 0.066667
0 0.609766 0.666667 0.058594 0.108333
0 0.725781 0.565972 0.054688 0.065278
0 0.407813 0.584722 0.048438 0.077778
0 0.342187 0.488194 0.032813 0.043056
0 0.394141 0.470139 0.030469 0.037500
0 0.445703 0.475000 0.024219 0.036111
0 0.609766 0.504167 0.033594 0.052778
0 0.673438 0.511111 0.040625 0.055556
0 0.553516 0.470139 0.027344 0.043056
0 0.431250 0.423611 0.018750 0.025000
0 0.540625 0.418750 0.018750 0.031944
1 0.402734 0.395833 0.038281 0.066667
0 0.580469 0.400000 0.018750 0.027778
0 0.553125 0.394444 0.012500 0.022222
0 0.530469 0.390972 0.015625 0.020833
0 0.464062 0.414583 0.018750 0.026389
0 0.434375 0.381944 0.012500 0.013889
0 0.471094 0.392361 0.014063 0.023611
0 0.480859 0.374306 0.010156 0.015278
0 0.460156 0.376389 0.009375 0.016667
0 0.450000 0.368750 0.007812 0.012500
