0 0.714063 0.925694 0.120313 0.148611
0 0.151953 0.720833 0.099219 0.105556
0 0.391406 0.680556 0.067187 0.100000
0 0.591797 0.557639 0.050781 0.087500
0 0.220312 0.631944 0.043750 0.086111
1 0.301953 0.577083 0.153906 0.262500
0 0.429688 0.551389 0.037500 0.058333
0 0.392188 0.495139 0.028125 0.045833
0 0.446875 0.463194 0.026562 0.040278
0 0.590625 0.470139 0.023438 0.040278
1 0.635547 0.465972 0.035156 0.048611
0 0.390625 0.427778 0.020313 0.027778
0 0.544922 0.450694 0.022656 0.043056
0 0.431250 0.416667 0.018750 0.027778
0 0.462109 0.418056 0.017969 0.025000
0 0.532813 0.411806 0.017188 0.026389
0 0.561719 0.408333 0.015625 0.025000
0 0.451953 0.393056 0.014844 0.022222
1 0.427344 0.376389 0.028125 0.052778
0 0.476953 0.385417 0.013281 0.020833
0 0.550781 0.387500 0.012500 0.016667
0 0.482422 0.370833 0.010156 0.016667
0 0.525781 0.377778 0.012500 0.016667
