1 0.146484 0.780556 0.291406 0.438889
0 0.899609 0.772917 0.119531 0.145833
0 0.392188 0.697917 0.064062 0.093056
0 0.675781 0.627083 0.062500 0.087500
0 0.754687 0.609722 0.065625 0.097222
0 0.300391 0.543056 0.042969 0.052778
0 0.342969 0.577778 0.048438 0.063889
0 0.576562 0.538194 0.037500 0.065278
0 0.430078 0.517361 0.035156 0.054167
0 0.366797 0.458333 0.025781 0.036111
0 0.412109 0.443750 0.025781 0.034722
0 0.452344 0.447917 0.023438 0.034722
0 0.552734 0.447917 0.025781 0.045833
1 0.597656 0.419444 0.025000 0.038889
0 0.562500 0.414583 0.015625 0.026389
0 0.440625 0.407639 0.015625 0.020833
0 0.469922 0.400694 0.014844 0.023611
0 0.533203 0.405556 0.017969 0.025000
1 0.414062 0.388194 0.034375 0.062500
0 0.476172 0.381250 0.011719 0.018056
0 0.440625 0.376389 0.010937 0.016667
