0 0.066797 0.829167 0.132031 0.144444
0 0.325781 0.892361 0.118750 0.187500
0 0.746094 0.738194 0.089063 0.137500
0 0.330469 0.595139 0.051562 0.068056
0 0.410547 0.574306 0.041406 0.062500
0 0.577734 0.550694 0.041406 0.062500
1 0.310937 0.487500 0.098437 0.158333
0 0.384766 0.511111 0.033594 0.044444
0 0.589063 0.465278 0.028125 0.038889
0 0.545312 0.459722 0.023438 0.036111
0 0.366016 0.461806 0.021094 0.031944
0 0.381641 0.443750 0.025781 0.031944
0 0.451562 0.461111 0.026562 0.036111
0 0.566406 0.413194 0.018750 0.029167
0 0.589844 0.414583 0.018750 0.023611
0 0.463672 0.430556 0.019531 0.025000
1 0.432031 0.397917 0.035937 0.070833
0 0.410938 0.407639 0.017188 0.020833
0 0.467187 0.411111 0.017188 0.022222
0 0.573828 0.393056 0.013281 0.022222
0 0.473047 0.385417 0.013281 0.020833
