0 0.299219 0.650000 0.064062 0.086111
0 0.396875 0.621528 0.048438 0.079167
0 0.674219 0.610417 0.054688 0.084722
1 0.291406 0.504167 0.115625 0.177778
0 0.370312 0.540278 0.037500 0.058333
0 0.560156 0.500000 0.031250 0.044444
0 0.355469 0.472222 0.026562 0.036111
0 0.374609 0.452778 0.022656 0.038889
0 0.446484 0.474306 0.025781 0.037500
0 0.538672 0.440278 0.017969 0.030556
0 0.576562 0.445833 0.021875 0.030556
0 0.459766 0.440278 0.019531 0.030556
1 0.426563 0.404167 0.034375 0.075000
0 0.405078 0.412500 0.016406 0.025000
0 0.462500 0.418056 0.017188 0.022222
0 0.561328 0.403472 0.017969 0.023611
0 0.578906 0.402083 0.015625 0.020833
0 0.568750 0.386111 0.014063 0.019444
0 0.446875 0.399306 0.014063 0.023611
0 0.471484 0.389583 0.013281 0.020833
1 0.453516 0.354861 0.014844 0.034722
0 0.461719 0.374306 0.012500 0.018056
0 0.482422 0.372222 0.011719 0.016667
0 0.527734 0.373611 0.011719 0.019444
