0 0.867188 0.907639 0.135937 0.184722
0 0.702344 0.919444 0.131250 0.161111
0 0.250000 0.733333 0.089063 0.116667
0 0.374609 0.699306 0.058594 0.095833
1 0.264453 0.529861 0.141406 0.201389
0 0.353125 0.575000 0.046875 0.063889
0 0.633984 0.540972 0.041406 0.062500
0 0.345703 0.484028 0.028906 0.040278
0 0.366016 0.462500 0.027344 0.036111
0 0.442969 0.492361 0.029687 0.040278
0 0.550781 0.465972 0.023438 0.040278
0 0.458594 0.450694 0.021875 0.031944
1 0.420312 0.412500 0.042188 0.086111
0 0.461719 0.425000 0.017188 0.025000
0 0.534375 0.425000 0.018750 0.027778
0 0.568359 0.429167 0.017969 0.030556
0 0.444141 0.405556 0.011719 0.022222
0 0.469531 0.395833 0.015625 0.025000
0 0.555859 0.394444 0.014844 0.022222
0 0.570703 0.393056 0.013281 0.022222
0 0.565234 0.379861 0.011719 0.018056
0 0.458984 0.376389 0.013281 0.016667
