0 0.179688 0.859028 0.117188 0.151389
0 0.341016 0.809028 0.083594 0.134722
0 0.622656 0.710417 0.073438 0.131944
0 0.728125 0.693056 0.079687 0.111111
0 0.328125 0.615972 0.054688 0.073611
1 0.230859 0.559722 0.167969 0.241667
0 0.333594 0.500694 0.037500 0.048611
0 0.358203 0.475000 0.032031 0.038889
0 0.437109 0.510417 0.036719 0.043056
0 0.607812 0.495833 0.032813 0.052778
1 0.413281 0.422222 0.045312 0.091667
0 0.455078 0.462500 0.022656 0.030556
0 0.542578 0.443056 0.021094 0.030556
0 0.460156 0.434722 0.018750 0.025000
0 0.439844 0.409722 0.012500 0.025000
0 0.531250 0.412500 0.015625 0.025000
0 0.561328 0.415972 0.016406 0.023611
0 0.468750 0.402778 0.017188 0.027778
0 0.553125 0.386111 0.014063 0.019444
