0 0.277734 0.696528 0.072656 0.084722
0 0.237891 0.609722 0.064844 0.072222
0 0.415625 0.582639 0.048438 0.070833
0 0.582812 0.584722 0.050000 0.072222
0 0.663672 0.604167 0.052344 0.086111
0 0.386328 0.497222 0.033594 0.044444
0 0.436719 0.486111 0.029687 0.038889
0 0.412109 0.459028 0.024219 0.026389
0 0.646484 0.477083 0.027344 0.040278
0 0.594531 0.463194 0.028125 0.045833
1 0.356641 0.438889 0.066406 0.105556
0 0.457813 0.429861 0.018750 0.026389
0 0.398828 0.420833 0.016406 0.030556
0 0.390234 0.431944 0.017969 0.027778
0 0.598047 0.425694 0.019531 0.029167
0 0.536328 0.404167 0.017969 0.030556
0 0.552734 0.390278 0.013281 0.025000
0 0.471484 0.409028 0.014844 0.020833
0 0.473828 0.395139 0.011719 0.020833
1 0.444922 0.382639 0.028906 0.059722
0 0.425000 0.393056 0.012500 0.019444
0 0.478906 0.374306 0.012500 0.018056
0 0.564063 0.381944 0.012500 0.019444
0 0.558203 0.370833 0.010156 0.016667
