1 0.950391 0.860417 0.099219 0.220833
0 0.294922 0.684028 0.067969 0.087500
1 0.187891 0.610417 0.214844 0.306944
0 0.584766 0.586806 0.047656 0.073611
0 0.662500 0.584028 0.050000 0.076389
0 0.319531 0.517361 0.035937 0.048611
0 0.429297 0.540278 0.035156 0.052778
0 0.591797 0.465972 0.025781 0.040278
0 0.453125 0.477778 0.025000 0.041667
0 0.346094 0.484722 0.031250 0.038889
1 0.405078 0.431944 0.050781 0.102778
0 0.456641 0.444444 0.019531 0.030556
0 0.435156 0.416667 0.014063 0.022222
0 0.537891 0.427778 0.017969 0.030556
0 0.465625 0.406944 0.017188 0.027778
0 0.555859 0.404861 0.013281 0.023611
0 0.529297 0.402083 0.014844 0.020833
0 0.453125 0.383333 0.012500 0.022222
0 0.478125 0.381944 0.012500 0.019444
0 0.549219 0.380556 0.014063 0.019444
1 0.446875 0.359722 0.018750 0.038889
0 0.466406 0.369444 0.007812 0.013889
0 0.485156 0.363194 0.009375 0.015278
