0 0.659766 0.819444 0.099219 0.166667
0 0.215625 0.805556 0.107813 0.136111
0 0.196484 0.656250 0.083594 0.093056
0 0.393750 0.644444 0.068750 0.097222
0 0.369531 0.523611 0.037500 0.052778
0 0.430469 0.509722 0.028125 0.044444
0 0.564453 0.524306 0.036719 0.056944
0 0.626172 0.535417 0.039844 0.056944
1 0.342969 0.451389 0.075000 0.122222
0 0.403906 0.476389 0.028125 0.036111
0 0.622656 0.449306 0.023438 0.029167
0 0.584375 0.443750 0.028125 0.037500
0 0.456250 0.436806 0.021875 0.023611
0 0.394141 0.428472 0.021094 0.029167
0 0.383203 0.441667 0.014844 0.033333
0 0.469141 0.416667 0.014844 0.027778
1 0.441016 0.386806 0.028906 0.062500
0 0.419141 0.396528 0.014844 0.020833
0 0.470313 0.397917 0.015625 0.018056
0 0.532813 0.394444 0.014063 0.027778
0 0.587891 0.411806 0.017969 0.023611
0 0.476562 0.377083 0.010937 0.015278
0 0.457422 0.383333 0.011719 0.019444
0 0.547266 0.379167 0.014844 0.022222
0 0.560547 0.375694 0.011719 0.018056
