0 0.119141 0.941667 0.152344 0.116667
0 0.141406 0.720139 0.103125 0.106944
0 0.376563 0.734028 0.075000 0.126389
0 0.609766 0.645139 0.061719 0.098611
0 0.353906 0.555556 0.045312 0.058333
0 0.421875 0.536806 0.034375 0.054167
0 0.395703 0.491667 0.027344 0.041667
0 0.552344 0.486111 0.031250 0.044444
0 0.605859 0.494444 0.028906 0.041667
1 0.330078 0.465278 0.086719 0.133333
0 0.451562 0.447917 0.023438 0.029167
0 0.374219 0.449306 0.017188 0.037500
0 0.389062 0.435417 0.021875 0.026389
0 0.605078 0.429861 0.021094 0.023611
0 0.574609 0.426389 0.021094 0.033333
0 0.580469 0.403472 0.014063 0.020833
0 0.467578 0.422917 0.017969 0.026389
1 0.436719 0.390972 0.032813 0.068056
0 0.416797 0.404167 0.014844 0.019444
0 0.468359 0.403472 0.013281 0.018056
0 0.476953 0.380556 0.014844 0.019444
0 0.454297 0.388194 0.010156 0.018056
0 0.530859 0.383333 0.014844 0.022222
0 0.543359 0.373611 0.013281 0.022222
