0 0.244922 0.781250 0.092969 0.129167
0 0.676172 0.865972 0.113281 0.229167
1 0.860547 0.724306 0.130469 0.179167
1 0.134766 0.668056 0.267969 0.383333
0 0.305859 0.534722 0.041406 0.055556
0 0.419922 0.574306 0.046094 0.059722
0 0.565625 0.525694 0.032813 0.054167
0 0.628516 0.523611 0.035156 0.058333
0 0.335547 0.500000 0.038281 0.050000
0 0.446094 0.490278 0.028125 0.041667
1 0.396094 0.442361 0.059375 0.109722
0 0.453125 0.455556 0.023438 0.033333
0 0.581641 0.444444 0.022656 0.030556
0 0.429688 0.427083 0.017188 0.029167
0 0.463672 0.411111 0.019531 0.025000
0 0.533984 0.413194 0.016406 0.023611
0 0.552344 0.397222 0.014063 0.019444
0 0.527734 0.394444 0.016406 0.019444
0 0.450781 0.386806 0.012500 0.020833
0 0.476562 0.385417 0.014063 0.020833
0 0.465234 0.372222 0.011719 0.013889
1 0.444531 0.361111 0.020313 0.038889
0 0.545703 0.375694 0.011719 0.018056
0 0.557422 0.368056 0.013281 0.013889
0 0.485156 0.366667 0.012500 0.016667
