0 0.148828 0.933333 0.139844 0.133333
0 0.783594 0.810417 0.096875 0.173611
1 0.774219 0.622222 0.084375 0.125000
0 0.608203 0.657639 0.064844 0.112500
1 0.114844 0.751389 0.228125 0.486111
0 0.407813 0.620139 0.053125 0.076389
0 0.288281 0.555556 0.048438 0.055556
0 0.321875 0.515278 0.037500 0.044444
0 0.441016 0.513194 0.027344 0.045833
0 0.554688 0.485417 0.028125 0.045833
0 0.603516 0.484028 0.027344 0.043056
1 0.382812 0.462500 0.068750 0.133333
0 0.451562 0.470139 0.023438 0.037500
0 0.425000 0.436806 0.018750 0.029167
0 0.571484 0.427778 0.021094 0.027778
0 0.460938 0.420139 0.020313 0.026389
0 0.415234 0.399306 0.013281 0.020833
0 0.447656 0.390972 0.014063 0.023611
0 0.472266 0.391667 0.013281 0.022222
0 0.531641 0.404167 0.016406 0.022222
0 0.549609 0.389583 0.016406 0.020833
0 0.526563 0.387500 0.014063 0.022222
1 0.441406 0.363889 0.021875 0.044444
0 0.462891 0.375000 0.010156 0.016667
