0 0.754297 0.712500 0.096094 0.166667
1 0.728125 0.917361 0.112500 0.165278
0 0.360547 0.783333 0.077344 0.113889
0 0.243750 0.731944 0.085938 0.102778
0 0.259375 0.577083 0.057813 0.081944
0 0.364844 0.527778 0.037500 0.050000
0 0.440234 0.502083 0.027344 0.043056
0 0.624219 0.454861 0.025000 0.034722
0 0.586328 0.459722 0.024219 0.036111
0 0.408984 0.461806 0.024219 0.031944
0 0.362891 0.462500 0.028906 0.033333
0 0.459375 0.431250 0.018750 0.026389
0 0.434766 0.415972 0.014844 0.020833
0 0.461719 0.409028 0.012500 0.020833
0 0.567578 0.421528 0.017969 0.026389
0 0.593750 0.414583 0.017188 0.026389
0 0.579688 0.397917 0.014063 0.018056
1 0.408594 0.392361 0.037500 0.068056
0 0.445703 0.402083 0.013281 0.020833
0 0.474219 0.386806 0.014063 0.015278
0 0.428906 0.388194 0.009375 0.015278
1 0.464453 0.359722 0.016406 0.041667
0 0.446875 0.371528 0.009375 0.015278
0 0.482812 0.377083 0.009375 0.015278
