0 0.727344 0.718056 0.082812 0.119444
0 0.612891 0.688889 0.063281 0.119444
0 0.312109 0.629861 0.057031 0.068056
0 0.266797 0.574306 0.057031 0.062500
0 0.426563 0.545139 0.040625 0.065278
0 0.678516 0.513889 0.038281 0.047222
0 0.613672 0.492361 0.033594 0.048611
0 0.396875 0.479861 0.028125 0.040278
0 0.440625 0.470833 0.020313 0.036111
1 0.367188 0.430556 0.057813 0.100000
0 0.403906 0.416667 0.017188 0.027778
0 0.396875 0.427083 0.012500 0.031944
0 0.459766 0.422222 0.019531 0.027778
0 0.610547 0.442361 0.019531 0.031944
0 0.542188 0.420139 0.020313 0.034722
0 0.560156 0.400694 0.017188 0.031944
0 0.474609 0.403472 0.016406 0.020833
0 0.428125 0.390278 0.014063 0.019444
1 0.448047 0.378472 0.027344 0.056944
0 0.475391 0.389583 0.013281 0.018056
