0 0.057813 0.837500 0.114062 0.175000
0 0.228516 0.777083 0.096094 0.137500
0 0.378125 0.715278 0.067187 0.097222
0 0.828516 0.685417 0.078906 0.104167
0 0.681250 0.601389 0.060937 0.100000
0 0.360156 0.545833 0.040625 0.050000
0 0.309766 0.525694 0.044531 0.048611
0 0.652344 0.497222 0.032813 0.047222
0 0.555469 0.459028 0.023438 0.045833
0 0.442969 0.489583 0.031250 0.045833
0 0.413281 0.452778 0.020313 0.033333
0 0.446875 0.443750 0.021875 0.026389
0 0.578516 0.432639 0.024219 0.040278
1 0.383203 0.415278 0.047656 0.088889
0 0.412891 0.408333 0.014844 0.025000
0 0.430469 0.429861 0.017188 0.026389
0 0.465234 0.409722 0.019531 0.025000
0 0.579297 0.400000 0.014844 0.022222
0 0.476562 0.393056 0.012500 0.016667
0 0.434375 0.381944 0.010937 0.016667
0 0.537891 0.387500 0.013281 0.019444
0 0.480078 0.381250 0.010156 0.015278
1 0.454688 0.369444 0.023438 0.047222
0 0.568359 0.382639 0.014844 0.020833
0 0.544922 0.379861 0.011719 0.018056
0 0.561328 0.377083 0.013281 0.018056
0 0.483203 0.365278 0.010156 0.013889
