0 0.141797 0.918750 0.153906 0.162500
0 0.338672 0.850000 0.103906 0.144444
0 0.685156 0.903472 0.114062 0.193056
0 0.883984 0.939583 0.138281 0.120833
0 0.340625 0.582639 0.046875 0.056944
0 0.290234 0.545139 0.049219 0.051389
0 0.733203 0.579861 0.050781 0.065278
0 0.640625 0.540278 0.046875 0.069444
0 0.436719 0.513889 0.034375 0.055556
0 0.405078 0.463889 0.024219 0.036111
0 0.629687 0.464583 0.023438 0.034722
0 0.549609 0.436806 0.024219 0.040278
0 0.444531 0.454167 0.021875 0.030556
0 0.424609 0.440278 0.019531 0.033333
1 0.375781 0.422222 0.050000 0.088889
0 0.408984 0.411111 0.014844 0.022222
0 0.462109 0.413194 0.016406 0.023611
0 0.569922 0.415972 0.021094 0.034722
0 0.573438 0.391667 0.012500 0.019444
0 0.476172 0.397917 0.013281 0.020833
0 0.431641 0.387500 0.013281 0.016667
0 0.451562 0.372917 0.025000 0.051389
0 0.531250 0.379167 0.012500 0.016667
0 0.478516 0.384028 0.013281 0.015278
