0 0.757812 0.733333 0.098437 0.152778
0 0.126953 0.731944 0.117969 0.138889
0 0.283984 0.670139 0.069531 0.095833
0 0.403906 0.620139 0.051562 0.073611
0 0.694141 0.545833 0.046094 0.069444
0 0.376563 0.519444 0.035937 0.044444
0 0.326562 0.507639 0.037500 0.045833
0 0.568750 0.501389 0.029687 0.066667
0 0.449219 0.468750 0.026562 0.040278
0 0.597656 0.463889 0.031250 0.055556
0 0.419141 0.439583 0.019531 0.029167
0 0.452734 0.432639 0.017969 0.023611
0 0.432812 0.422222 0.017188 0.022222
1 0.389844 0.409028 0.040625 0.079167
0 0.586328 0.409028 0.014844 0.023611
0 0.546094 0.399306 0.012500 0.018056
0 0.575000 0.389583 0.017188 0.023611
0 0.547266 0.387500 0.011719 0.016667
0 0.466797 0.402778 0.014844 0.019444
0 0.417578 0.401389 0.013281 0.022222
0 0.437109 0.379167 0.011719 0.016667
0 0.478516 0.386806 0.011719 0.015278
0 0.481641 0.377083 0.010156 0.018056
1 0.457031 0.367361 0.020313 0.043056
