0 0.085547 0.949306 0.153906 0.101389
0 0.393359 0.668750 0.057031 0.095833
0 0.293750 0.647917 0.060937 0.081944
0 0.286719 0.546528 0.051562 0.068056
0 0.378906 0.501389 0.034375 0.047222
0 0.612500 0.506250 0.032813 0.048611
0 0.647266 0.483333 0.033594 0.044444
0 0.445312 0.479167 0.023438 0.033333
0 0.416797 0.450694 0.024219 0.029167
0 0.372266 0.452778 0.025781 0.027778
0 0.578516 0.440972 0.021094 0.034722
0 0.605859 0.429167 0.019531 0.030556
0 0.587109 0.409722 0.017969 0.019444
0 0.464062 0.420833 0.018750 0.025000
0 0.439453 0.409722 0.014844 0.022222
0 0.465625 0.402083 0.012500 0.018056
0 0.449609 0.395833 0.011719 0.019444
1 0.413672 0.388194 0.035156 0.062500
0 0.475000 0.382639 0.012500 0.015278
