0 0.183203 0.666667 0.094531 0.113889
0 0.323047 0.613889 0.063281 0.080556
0 0.417969 0.573611 0.043750 0.066667
0 0.752344 0.615972 0.060937 0.079167
0 0.589453 0.559722 0.039844 0.080556
0 0.620313 0.505556 0.035937 0.066667
0 0.388672 0.495833 0.033594 0.030556
0 0.340625 0.487500 0.032813 0.036111
0 0.452734 0.454861 0.022656 0.031944
0 0.425000 0.429167 0.018750 0.025000
0 0.456250 0.425000 0.017188 0.025000
1 0.395313 0.400000 0.039062 0.075000
0 0.437891 0.415278 0.014844 0.022222
0 0.468750 0.395833 0.014063 0.019444
0 0.421094 0.396528 0.010937 0.020833
0 0.595703 0.420833 0.019531 0.027778
0 0.556641 0.413889 0.017969 0.022222
0 0.578125 0.397222 0.015625 0.022222
0 0.553125 0.397917 0.017188 0.023611
0 0.440625 0.375694 0.010937 0.015278
1 0.460156 0.364583 0.021875 0.043056
0 0.480078 0.384028 0.010156 0.012500
0 0.567578 0.384722 0.011719 0.013889
