0 0.184375 0.818750 0.104688 0.134722
0 0.658984 0.581944 0.053906 0.080556
0 0.414453 0.602083 0.046094 0.068056
0 0.325781 0.596528 0.053125 0.068056
0 0.306250 0.522222 0.045312 0.063889
0 0.677734 0.520139 0.042969 0.056944
0 0.391016 0.484722 0.030469 0.044444
0 0.592969 0.463889 0.025000 0.038889
0 0.619141 0.446528 0.024219 0.034722
0 0.596484 0.420833 0.019531 0.022222
0 0.450000 0.461111 0.023438 0.030556
0 0.423047 0.438194 0.021094 0.026389
0 0.381250 0.442361 0.025000 0.029167
0 0.466016 0.415278 0.017969 0.022222
0 0.442578 0.402778 0.014844 0.022222
0 0.467187 0.402083 0.015625 0.018056
0 0.453516 0.392361 0.013281 0.018056
1 0.417969 0.385417 0.032813 0.062500
0 0.476562 0.379861 0.010937 0.015278
