0 0.173047 0.856250 0.111719 0.137500
0 0.303516 0.945139 0.117969 0.109722
0 0.875391 0.766667 0.105469 0.141667
0 0.628125 0.684028 0.068750 0.134722
0 0.667969 0.575694 0.065625 0.098611
0 0.228125 0.615972 0.070312 0.095833
0 0.345703 0.562500 0.044531 0.066667
0 0.432031 0.527778 0.032813 0.044444
0 0.400391 0.478472 0.028906 0.034722
0 0.353125 0.472917 0.029687 0.034722
0 0.457031 0.442361 0.023438 0.031944
0 0.569922 0.431944 0.019531 0.027778
0 0.607422 0.436806 0.024219 0.031944
0 0.429688 0.422222 0.017188 0.025000
0 0.442188 0.409028 0.012500 0.018056
0 0.458984 0.415972 0.014844 0.023611
1 0.402734 0.395833 0.036719 0.066667
0 0.585547 0.404167 0.016406 0.022222
0 0.560156 0.407639 0.017188 0.026389
0 0.471484 0.391667 0.014844 0.016667
0 0.444141 0.374306 0.010156 0.015278
0 0.482812 0.379861 0.009375 0.015278
1 0.462109 0.361806 0.021094 0.043056
0 0.572266 0.391667 0.011719 0.016667
