0 0.776563 0.759028 0.100000 0.159722
0 0.249219 0.704167 0.084375 0.091667
0 0.732031 0.579861 0.054688 0.070833
0 0.426953 0.548611 0.038281 0.055556
0 0.353125 0.552778 0.042188 0.055556
0 0.324609 0.500694 0.041406 0.056944
0 0.617969 0.502083 0.034375 0.048611
0 0.639844 0.469444 0.031250 0.041667
0 0.401953 0.466667 0.027344 0.036111
0 0.387891 0.433333 0.022656 0.027778
0 0.454297 0.446528 0.022656 0.029167
0 0.429297 0.429861 0.019531 0.026389
0 0.608203 0.438889 0.021094 0.030556
0 0.469141 0.407639 0.016406 0.023611
0 0.447266 0.395833 0.014844 0.019444
0 0.469531 0.393056 0.015625 0.016667
0 0.457031 0.388194 0.014063 0.020833
1 0.422656 0.382639 0.032813 0.059722
0 0.566797 0.386806 0.011719 0.018056
