0 0.331641 0.863194 0.108594 0.190278
0 0.648828 0.777083 0.092969 0.148611
0 0.100000 0.734028 0.120313 0.131944
0 0.278125 0.690972 0.081250 0.101389
0 0.280859 0.541667 0.044531 0.050000
0 0.439453 0.505556 0.035156 0.041667
0 0.381250 0.505556 0.032813 0.041667
0 0.688672 0.536111 0.044531 0.052778
0 0.559766 0.483333 0.028906 0.041667
0 0.403125 0.456250 0.021875 0.031944
0 0.398438 0.416667 0.020313 0.033333
0 0.432812 0.420139 0.018750 0.023611
0 0.466406 0.408333 0.017188 0.016667
0 0.540234 0.410417 0.019531 0.023611
0 0.581641 0.400694 0.019531 0.020833
0 0.549609 0.388889 0.014844 0.016667
0 0.428906 0.389583 0.014063 0.015278
0 0.444141 0.397222 0.013281 0.025000
0 0.474609 0.385417 0.011719 0.015278
0 0.457031 0.384722 0.015625 0.016667
