0 0.178906 0.911806 0.153125 0.176389
0 0.371875 0.722917 0.076563 0.129167
0 0.180469 0.654861 0.087500 0.087500
0 0.308203 0.634028 0.061719 0.084722
0 0.742578 0.594444 0.063281 0.080556
0 0.585938 0.545833 0.051562 0.075000
0 0.299219 0.516667 0.040625 0.044444
0 0.391797 0.488194 0.027344 0.040278
0 0.442578 0.485417 0.028906 0.040278
0 0.410938 0.445833 0.020313 0.027778
0 0.546094 0.428472 0.018750 0.026389
0 0.590234 0.409722 0.017969 0.022222
0 0.437500 0.413889 0.017188 0.022222
0 0.405469 0.409722 0.021875 0.025000
0 0.470313 0.400000 0.015625 0.022222
0 0.552344 0.398611 0.014063 0.019444
0 0.446875 0.391667 0.012500 0.019444
0 0.432812 0.386111 0.010937 0.016667
0 0.477344 0.382639 0.010937 0.018056
0 0.525391 0.380556 0.011719 0.016667
1 0.451172 0.358333 0.019531 0.038889
0 0.482812 0.368750 0.010937 0.015278
0 0.469531 0.368056 0.009375 0.013889
