0 0.158203 0.911806 0.142969 0.176389
0 0.212891 0.613194 0.060156 0.079167
0 0.416797 0.575000 0.039844 0.066667
0 0.959375 0.900694 0.081250 0.165278
0 0.350391 0.556944 0.047656 0.058333
0 0.562500 0.501389 0.032813 0.052778
0 0.628906 0.465278 0.029687 0.036111
0 0.386328 0.482639 0.028906 0.037500
0 0.384766 0.429167 0.024219 0.033333
0 0.421484 0.438889 0.019531 0.030556
0 0.540625 0.420833 0.017188 0.030556
0 0.462891 0.425694 0.017969 0.023611
0 0.437891 0.407639 0.014844 0.023611
0 0.420703 0.400000 0.014844 0.022222
0 0.470313 0.395833 0.012500 0.019444
0 0.453125 0.393056 0.014063 0.016667
1 0.442188 0.363889 0.023438 0.041667
0 0.478125 0.377083 0.012500 0.018056
0 0.463281 0.374306 0.012500 0.015278
0 0.529297 0.386111 0.013281 0.019444
0 0.570312 0.383333 0.014063 0.016667
0 0.542969 0.375000 0.010937 0.016667
0 0.554688 0.370833 0.012500 0.013889
