0 0.111719 0.955556 0.143750 0.088889
0 0.816016 0.681944 0.088281 0.105556
0 0.651172 0.560417 0.047656 0.081944
0 0.291406 0.638889 0.059375 0.080556
0 0.664453 0.498611 0.038281 0.055556
0 0.436719 0.515278 0.031250 0.041667
0 0.370312 0.522917 0.035937 0.048611
0 0.336719 0.487500 0.035937 0.052778
0 0.409766 0.452778 0.024219 0.036111
0 0.624219 0.454861 0.028125 0.031944
0 0.457422 0.436111 0.019531 0.027778
0 0.435547 0.422222 0.017969 0.027778
0 0.394922 0.425000 0.022656 0.025000
0 0.570703 0.392361 0.013281 0.020833
0 0.471094 0.400000 0.017188 0.019444
0 0.451172 0.393750 0.013281 0.018056
0 0.471484 0.388889 0.013281 0.016667
1 0.425781 0.377778 0.028125 0.055556
0 0.526953 0.386111 0.013281 0.019444
