0 0.276562 0.755556 0.095312 0.119444
0 0.837891 0.712500 0.097656 0.127778
0 0.628125 0.673611 0.068750 0.125000
0 0.396094 0.630556 0.053125 0.097222
0 0.232422 0.595139 0.066406 0.087500
0 0.335547 0.592361 0.053906 0.076389
0 0.319922 0.500694 0.035156 0.043056
0 0.402734 0.472222 0.027344 0.038889
0 0.448437 0.461806 0.023438 0.034722
0 0.560937 0.458333 0.026562 0.041667
0 0.416797 0.434028 0.019531 0.023611
0 0.599609 0.421528 0.022656 0.026389
0 0.559375 0.411111 0.014063 0.019444
0 0.410938 0.403472 0.018750 0.023611
0 0.441016 0.405556 0.014844 0.022222
0 0.471094 0.394444 0.012500 0.019444
0 0.451172 0.386111 0.011719 0.016667
0 0.437500 0.382639 0.014063 0.018056
0 0.527734 0.388194 0.014844 0.018056
0 0.562500 0.391667 0.015625 0.019444
0 0.561328 0.377083 0.011719 0.018056
