0 0.091406 0.747917 0.103125 0.106944
0 0.378906 0.715972 0.065625 0.095833
0 0.914844 0.796528 0.129688 0.184722
0 0.729688 0.581250 0.051562 0.068056
0 0.304297 0.642361 0.064844 0.079167
0 0.363281 0.527083 0.039062 0.054167
0 0.408594 0.461806 0.025000 0.034722
0 0.368750 0.449306 0.029687 0.043056
0 0.454297 0.450694 0.022656 0.031944
0 0.539844 0.431944 0.023438 0.030556
0 0.596875 0.425000 0.021875 0.027778
0 0.429297 0.421528 0.021094 0.026389
0 0.412500 0.406944 0.018750 0.022222
0 0.465625 0.409028 0.015625 0.020833
0 0.446484 0.402083 0.016406 0.020833
0 0.530469 0.392361 0.015625 0.018056
0 0.476172 0.386111 0.013281 0.019444
0 0.458203 0.379861 0.013281 0.015278
1 0.436328 0.368750 0.024219 0.045833
0 0.466016 0.373611 0.008594 0.013889
0 0.478125 0.376389 0.012500 0.013889
