0 0.231250 0.784722 0.101562 0.133333
0 0.250391 0.570139 0.055469 0.065278
0 0.586328 0.576389 0.046094 0.063889
0 0.653125 0.492361 0.039062 0.045833
0 0.426563 0.537500 0.039062 0.050000
0 0.365234 0.525694 0.036719 0.048611
0 0.395313 0.470139 0.028125 0.031944
0 0.548438 0.445139 0.025000 0.040278
0 0.427344 0.427083 0.023438 0.023611
0 0.392188 0.423611 0.023438 0.030556
0 0.465234 0.414583 0.016406 0.023611
0 0.441406 0.402083 0.015625 0.023611
0 0.424609 0.392361 0.014844 0.020833
0 0.473438 0.391667 0.012500 0.016667
0 0.534766 0.397222 0.016406 0.022222
0 0.574609 0.390278 0.014844 0.016667
0 0.545312 0.381250 0.014063 0.015278
0 0.453906 0.387500 0.014063 0.019444
1 0.444531 0.360417 0.018750 0.040278
0 0.479687 0.373611 0.009375 0.016667
