0 0.205078 0.821528 0.107031 0.145833
0 0.725781 0.674306 0.087500 0.115278
0 0.710938 0.554167 0.054688 0.075000
0 0.323437 0.583333 0.048438 0.058333
0 0.385937 0.496528 0.029687 0.045833
0 0.443750 0.488889 0.029687 0.041667
0 0.349609 0.470139 0.035156 0.051389
0 0.646094 0.484028 0.031250 0.040278
0 0.417969 0.441667 0.020313 0.036111
0 0.399609 0.419444 0.017969 0.027778
0 0.460938 0.423611 0.017188 0.022222
0 0.439844 0.415278 0.015625 0.022222
0 0.577344 0.402778 0.017188 0.022222
0 0.530078 0.397222 0.013281 0.022222
0 0.472266 0.395139 0.014844 0.018056
0 0.453516 0.388889 0.011719 0.019444
1 0.429688 0.375000 0.025000 0.050000
0 0.472656 0.384028 0.010937 0.018056
