0 0.332422 0.870833 0.097656 0.147222
0 0.889453 0.923611 0.149219 0.152778
0 0.262500 0.718056 0.079687 0.105556
0 0.773047 0.630556 0.071094 0.105556
0 0.676562 0.522917 0.040625 0.051389
0 0.344922 0.551389 0.041406 0.052778
0 0.358984 0.459722 0.028906 0.041667
0 0.397656 0.479167 0.029687 0.033333
0 0.451172 0.468056 0.024219 0.030556
0 0.423828 0.431944 0.022656 0.030556
0 0.405859 0.413889 0.017969 0.025000
0 0.462891 0.415278 0.017969 0.022222
0 0.443359 0.408333 0.017969 0.019444
0 0.532813 0.410417 0.015625 0.023611
0 0.585547 0.412500 0.016406 0.022222
0 0.474219 0.391667 0.014063 0.019444
0 0.528906 0.381944 0.014063 0.019444
0 0.455078 0.384722 0.011719 0.016667
0 0.475391 0.379861 0.013281 0.018056
0 0.465234 0.378472 0.011719 0.015278
1 0.433203 0.371528 0.025781 0.048611
