0 0.166016 0.672917 0.085156 0.095833
0 0.400781 0.636806 0.059375 0.079167
0 0.810156 0.676389 0.087500 0.091667
0 0.330859 0.595139 0.047656 0.068056
0 0.375391 0.501389 0.033594 0.041667
0 0.547266 0.458333 0.024219 0.036111
0 0.610938 0.441667 0.021875 0.030556
0 0.417187 0.450000 0.025000 0.033333
0 0.376953 0.441667 0.027344 0.033333
0 0.459766 0.435417 0.022656 0.026389
0 0.432422 0.414583 0.016406 0.026389
0 0.416406 0.402083 0.015625 0.020833
0 0.467187 0.401389 0.015625 0.025000
0 0.535156 0.404167 0.015625 0.027778
0 0.450391 0.396528 0.017969 0.020833
1 0.439453 0.365278 0.024219 0.044444
0 0.478516 0.381250 0.014844 0.020833
0 0.460156 0.377083 0.012500 0.018056
0 0.527734 0.378472 0.013281 0.018056
0 0.565625 0.379167 0.014063 0.019444
