1 0.637500 0.730556 0.085938 0.175000
0 0.389453 0.634722 0.053906 0.077778
0 0.689063 0.534722 0.045312 0.055556
1 0.353906 0.539583 0.048438 0.076389
0 0.440234 0.481944 0.032031 0.061111
0 0.333984 0.497917 0.033594 0.043056
0 0.383594 0.488194 0.032813 0.051389
0 0.368750 0.454167 0.025000 0.030556
0 0.605469 0.436111 0.021875 0.027778
0 0.568359 0.424306 0.022656 0.029167
0 0.389062 0.426389 0.021875 0.030556
0 0.430469 0.427083 0.018750 0.026389
0 0.459766 0.430556 0.021094 0.027778
0 0.410938 0.403472 0.015625 0.018056
0 0.464062 0.413194 0.017188 0.023611
0 0.462109 0.393750 0.013281 0.018056
0 0.451562 0.385417 0.012500 0.018056
0 0.477344 0.381944 0.012500 0.016667
0 0.446484 0.370833 0.010156 0.013889
