0 0.305078 0.888889 0.114844 0.183333
0 0.659375 0.793056 0.092188 0.166667
1 0.301953 0.624306 0.072656 0.106944
0 0.664062 0.583333 0.050000 0.077778
0 0.285156 0.556250 0.048438 0.056944
0 0.353906 0.537500 0.045312 0.063889
1 0.421484 0.534722 0.041406 0.086111
0 0.559766 0.491667 0.033594 0.061111
0 0.345313 0.481944 0.029687 0.038889
0 0.448047 0.456250 0.025781 0.034722
0 0.417969 0.444444 0.021875 0.030556
0 0.372656 0.441667 0.023438 0.033333
0 0.396094 0.416667 0.018750 0.025000
0 0.461328 0.434028 0.022656 0.034722
0 0.625000 0.456944 0.026562 0.033333
0 0.583984 0.408333 0.019531 0.027778
0 0.554688 0.395833 0.018750 0.022222
0 0.451562 0.404861 0.015625 0.023611
0 0.473828 0.392361 0.014844 0.018056
0 0.446484 0.391667 0.013281 0.019444
0 0.442188 0.376389 0.014063 0.022222
0 0.461328 0.376389 0.011719 0.016667
0 0.485156 0.368056 0.010937 0.013889
