0 0.090234 0.939583 0.178906 0.120833
0 0.623047 0.578472 0.047656 0.073611
0 0.193750 0.656250 0.075000 0.079167
0 0.368359 0.596528 0.057031 0.068056
0 0.298047 0.523611 0.042969 0.058333
0 0.426953 0.534028 0.038281 0.059722
0 0.371094 0.525694 0.037500 0.048611
0 0.349219 0.467361 0.028125 0.040278
0 0.630469 0.458333 0.029687 0.036111
0 0.580859 0.450000 0.024219 0.033333
0 0.417578 0.445139 0.022656 0.029167
0 0.456250 0.434722 0.020313 0.027778
0 0.428516 0.420139 0.017969 0.026389
0 0.421875 0.393056 0.015625 0.027778
0 0.449219 0.395139 0.015625 0.020833
0 0.534375 0.412500 0.015625 0.030556
0 0.571484 0.411806 0.019531 0.026389
0 0.567969 0.388194 0.014063 0.018056
0 0.527734 0.384722 0.017969 0.022222
0 0.476562 0.384722 0.012500 0.013889
0 0.457813 0.380556 0.010937 0.016667
0 0.442969 0.376389 0.012500 0.016667
