0 0.817969 0.862500 0.118750 0.188889
0 0.847266 0.711806 0.103906 0.129167
1 0.258594 0.697222 0.100000 0.136111
1 0.410938 0.578472 0.056250 0.101389
0 0.249609 0.598611 0.066406 0.075000
0 0.333594 0.573611 0.060937 0.083333
0 0.592187 0.592361 0.042188 0.070833
0 0.627734 0.518750 0.038281 0.056944
0 0.328906 0.502083 0.037500 0.037500
0 0.362891 0.454167 0.028906 0.038889
0 0.412500 0.454167 0.025000 0.033333
0 0.438672 0.472222 0.025781 0.041667
0 0.455859 0.448611 0.022656 0.033333
0 0.546875 0.452083 0.031250 0.043056
0 0.605469 0.436806 0.023438 0.029167
0 0.388281 0.425694 0.018750 0.026389
0 0.447266 0.409722 0.016406 0.019444
0 0.469531 0.399306 0.012500 0.023611
0 0.442578 0.396528 0.014844 0.018056
0 0.437109 0.379861 0.011719 0.023611
0 0.460547 0.379167 0.016406 0.016667
0 0.575000 0.397917 0.012500 0.023611
0 0.550391 0.385417 0.014844 0.018056
