0 0.123828 0.927778 0.149219 0.144444
0 0.757031 0.621528 0.065625 0.087500
0 0.407422 0.576389 0.052344 0.066667
1 0.370703 0.510417 0.039844 0.062500
0 0.351562 0.477083 0.028125 0.040278
0 0.394922 0.471528 0.028906 0.043056
1 0.448437 0.465278 0.029687 0.055556
0 0.625391 0.462500 0.025781 0.036111
0 0.580859 0.449306 0.024219 0.034722
0 0.379297 0.443750 0.024219 0.026389
0 0.397266 0.415972 0.019531 0.029167
0 0.435156 0.416667 0.020313 0.027778
0 0.462891 0.420833 0.016406 0.022222
0 0.416406 0.396528 0.015625 0.020833
0 0.466016 0.404167 0.017969 0.019444
0 0.466797 0.388194 0.013281 0.015278
0 0.568750 0.384028 0.012500 0.018056
0 0.454297 0.382639 0.014844 0.015278
0 0.449219 0.369444 0.009375 0.016667
0 0.479687 0.377083 0.012500 0.018056
0 0.467187 0.368056 0.012500 0.019444
