0 0.750000 0.729861 0.089063 0.126389
0 0.358984 0.718750 0.071094 0.106944
1 0.585547 0.569444 0.050781 0.091667
1 0.331641 0.574306 0.057031 0.087500
0 0.313281 0.520833 0.042188 0.047222
1 0.432422 0.506250 0.033594 0.070833
0 0.371094 0.510417 0.037500 0.054167
0 0.359766 0.468750 0.027344 0.031944
0 0.650391 0.488194 0.036719 0.045833
0 0.382422 0.434028 0.024219 0.034722
0 0.425781 0.436111 0.023438 0.033333
0 0.453516 0.442361 0.024219 0.029167
0 0.461328 0.422917 0.017969 0.029167
0 0.403906 0.410417 0.015625 0.026389
0 0.457031 0.398611 0.012500 0.019444
0 0.560547 0.409722 0.019531 0.027778
0 0.593750 0.421528 0.020313 0.023611
0 0.448437 0.389583 0.012500 0.018056
0 0.443359 0.373611 0.010156 0.019444
0 0.476562 0.387500 0.012500 0.016667
0 0.463281 0.373611 0.009375 0.013889
