0 0.113281 0.756944 0.112500 0.108333
0 0.331250 0.661806 0.071875 0.090278
0 0.412500 0.581250 0.051562 0.079167
0 0.268750 0.554167 0.054688 0.061111
0 0.355469 0.554861 0.043750 0.054167
0 0.582422 0.503472 0.035156 0.056944
0 0.335156 0.481944 0.032813 0.041667
0 0.410156 0.460417 0.025000 0.034722
0 0.453516 0.450000 0.022656 0.033333
0 0.613281 0.437500 0.021875 0.027778
0 0.567969 0.427778 0.018750 0.027778
0 0.423438 0.428472 0.017188 0.026389
0 0.416797 0.398611 0.017969 0.025000
0 0.444531 0.399306 0.017188 0.020833
0 0.530078 0.397222 0.014844 0.019444
0 0.566406 0.401389 0.017188 0.019444
0 0.564453 0.383333 0.014844 0.019444
0 0.526563 0.378472 0.015625 0.023611
0 0.474609 0.389583 0.013281 0.015278
0 0.455078 0.385417 0.011719 0.018056
0 0.439844 0.380556 0.012500 0.016667
0 0.480859 0.375694 0.010156 0.015278
1 0.456641 0.354167 0.017969 0.036111
0 0.473438 0.361111 0.007812 0.011111
0 0.486328 0.363889 0.011719 0.011111
0 0.555859 0.368056 0.011719 0.013889
