1 0.179297 0.827083 0.147656 0.198611
1 0.389453 0.639583 0.064844 0.129167
0 0.300781 0.621528 0.062500 0.093056
0 0.190234 0.665278 0.077344 0.083333
0 0.679688 0.625694 0.054688 0.087500
0 0.741016 0.588889 0.061719 0.086111
0 0.307812 0.525000 0.042188 0.044444
0 0.427734 0.492361 0.033594 0.040278
0 0.563672 0.506250 0.028906 0.051389
0 0.604688 0.472222 0.028125 0.041667
0 0.350000 0.468056 0.031250 0.041667
0 0.403125 0.469444 0.026562 0.033333
0 0.380469 0.433333 0.020313 0.025000
0 0.448437 0.461806 0.025000 0.037500
0 0.538672 0.424306 0.021094 0.034722
0 0.591797 0.420139 0.017969 0.026389
0 0.440234 0.409722 0.017969 0.036111
0 0.468359 0.406250 0.013281 0.020833
0 0.432812 0.381250 0.014063 0.023611
0 0.457031 0.383333 0.015625 0.022222
0 0.568750 0.388889 0.012500 0.016667
0 0.546094 0.377083 0.015625 0.018056
