1 0.312500 0.886806 0.135937 0.226389
0 0.194141 0.811111 0.117969 0.180556
0 0.712500 0.757639 0.090625 0.151389
0 0.243359 0.602083 0.064844 0.076389
0 0.394531 0.552778 0.046875 0.063889
0 0.319531 0.504861 0.042188 0.054167
0 0.383203 0.503472 0.032031 0.040278
0 0.434766 0.507639 0.030469 0.056944
0 0.652344 0.484722 0.031250 0.041667
0 0.596484 0.479861 0.027344 0.040278
0 0.360938 0.454861 0.023438 0.026389
0 0.425391 0.436111 0.019531 0.030556
0 0.460156 0.425000 0.017188 0.027778
0 0.432812 0.411806 0.018750 0.023611
0 0.539844 0.431944 0.018750 0.030556
0 0.578516 0.427778 0.021094 0.027778
0 0.575391 0.397222 0.016406 0.022222
0 0.529687 0.395833 0.015625 0.025000
0 0.451562 0.390278 0.012500 0.016667
0 0.424609 0.388889 0.016406 0.019444
0 0.561328 0.377083 0.010156 0.015278
0 0.539844 0.366667 0.009375 0.011111
0 0.478516 0.380556 0.011719 0.013889
0 0.445312 0.375000 0.012500 0.013889
0 0.459766 0.377083 0.010156 0.015278
0 0.483203 0.368056 0.011719 0.013889
1 0.462109 0.351389 0.016406 0.036111
