1 0.081641 0.950694 0.161719 0.098611
0 0.108594 0.766667 0.112500 0.133333
1 0.365234 0.733333 0.089844 0.180556
0 0.260547 0.696528 0.083594 0.134722
0 0.281250 0.558333 0.048438 0.055556
0 0.413281 0.517361 0.039062 0.048611
0 0.625781 0.533333 0.039062 0.055556
0 0.691406 0.529167 0.045312 0.055556
0 0.336719 0.481250 0.034375 0.045833
0 0.393750 0.487500 0.028125 0.044444
0 0.442969 0.480556 0.029687 0.047222
0 0.371094 0.442361 0.021875 0.026389
0 0.548828 0.461111 0.024219 0.038889
0 0.591016 0.445833 0.025781 0.036111
0 0.533594 0.408333 0.018750 0.033333
0 0.582422 0.405556 0.017969 0.022222
0 0.432422 0.427778 0.017969 0.027778
0 0.462891 0.415972 0.017969 0.023611
0 0.437891 0.406944 0.017969 0.019444
0 0.429688 0.386111 0.014063 0.022222
0 0.453906 0.385417 0.014063 0.015278
0 0.565625 0.382639 0.014063 0.015278
0 0.542969 0.370833 0.010937 0.016667
0 0.480469 0.377083 0.012500 0.018056
0 0.462891 0.373611 0.010156 0.016667
0 0.447656 0.371528 0.012500 0.015278
