0 0.222656 0.777083 0.096875 0.137500
0 0.273438 0.933333 0.145313 0.133333
0 0.897656 0.783333 0.117188 0.147222
0 0.420312 0.536806 0.039062 0.054167
1 0.384375 0.490278 0.039062 0.055556
0 0.651563 0.490972 0.035937 0.043056
0 0.596875 0.478472 0.032813 0.043056
0 0.365625 0.461806 0.025000 0.034722
1 0.451953 0.450000 0.025781 0.044444
0 0.405469 0.454861 0.025000 0.040278
0 0.389062 0.432639 0.023438 0.029167
0 0.403516 0.409722 0.017969 0.027778
0 0.439063 0.409028 0.017188 0.023611
0 0.466016 0.412500 0.016406 0.022222
0 0.421875 0.394444 0.014063 0.019444
0 0.468750 0.397222 0.014063 0.019444
0 0.573828 0.389583 0.014844 0.023611
0 0.470703 0.384028 0.011719 0.018056
0 0.455469 0.378472 0.010937 0.015278
0 0.481250 0.372917 0.010937 0.018056
0 0.451953 0.365278 0.010156 0.016667
