0 0.184766 0.679167 0.083594 0.088889
0 0.316016 0.611806 0.055469 0.068056
0 0.373828 0.664583 0.071094 0.112500
0 0.680078 0.629861 0.064844 0.087500
0 0.765625 0.633333 0.068750 0.088889
0 0.438672 0.483333 0.027344 0.036111
1 0.404297 0.459722 0.028906 0.047222
0 0.385937 0.437500 0.020313 0.027778
0 0.420312 0.433333 0.021875 0.030556
1 0.458984 0.423611 0.019531 0.036111
0 0.400781 0.418056 0.020313 0.025000
0 0.585156 0.408333 0.015625 0.022222
0 0.415625 0.399306 0.015625 0.023611
0 0.447656 0.397222 0.015625 0.019444
0 0.471094 0.400694 0.015625 0.020833
0 0.429297 0.384028 0.011719 0.018056
0 0.474219 0.386111 0.014063 0.016667
0 0.461328 0.372917 0.010156 0.015278
0 0.476562 0.376389 0.012500 0.013889
