0 0.391016 0.627778 0.050781 0.077778
0 0.335938 0.496528 0.031250 0.045833
0 0.389062 0.486111 0.026562 0.041667
0 0.439453 0.494444 0.035156 0.052778
0 0.642188 0.474306 0.028125 0.037500
0 0.600000 0.425000 0.018750 0.025000
0 0.458594 0.428472 0.018750 0.026389
1 0.431250 0.416667 0.020313 0.030556
0 0.414062 0.404167 0.014063 0.022222
0 0.421875 0.394444 0.010937 0.016667
0 0.443359 0.402083 0.016406 0.026389
1 0.469531 0.397222 0.015625 0.027778
0 0.432422 0.379861 0.011719 0.018056
0 0.459375 0.378472 0.010937 0.018056
