0 0.251563 0.738194 0.081250 0.106944
0 0.381641 0.670833 0.064844 0.091667
0 0.801172 0.665972 0.071094 0.104167
0 0.434766 0.503472 0.030469 0.043056
0 0.379297 0.444444 0.022656 0.027778
0 0.414062 0.443750 0.020313 0.029167
0 0.456641 0.440972 0.027344 0.040278
0 0.655859 0.488889 0.033594 0.047222
0 0.467187 0.402083 0.015625 0.020833
0 0.528125 0.391667 0.014063 0.019444
0 0.444141 0.395833 0.016406 0.025000
0 0.429688 0.388194 0.012500 0.020833
0 0.434766 0.381944 0.008594 0.016667
0 0.455078 0.386111 0.011719 0.022222
0 0.476562 0.380556 0.014063 0.025000
0 0.443359 0.372917 0.011719 0.018056
0 0.466406 0.370139 0.012500 0.015278
1 0.567187 0.372917 0.023438 0.045833
