0 0.287891 0.949306 0.116406 0.101389
0 0.413281 0.574306 0.040625 0.062500
0 0.671875 0.512500 0.035937 0.055556
0 0.353516 0.475694 0.027344 0.034722
0 0.398828 0.468750 0.027344 0.034722
0 0.447266 0.469444 0.032031 0.044444
0 0.613281 0.440972 0.021875 0.031944
0 0.461719 0.417361 0.018750 0.023611
0 0.436328 0.408333 0.019531 0.030556
0 0.419922 0.398611 0.014844 0.025000
0 0.447266 0.395139 0.014844 0.023611
0 0.471875 0.390278 0.014063 0.022222
0 0.427734 0.389583 0.013281 0.018056
0 0.437109 0.377778 0.011719 0.019444
0 0.446875 0.370833 0.010937 0.016667
0 0.461719 0.376389 0.012500 0.016667
0 0.482422 0.375694 0.013281 0.018056
