0 0.326953 0.850694 0.096094 0.156944
0 0.285938 0.561806 0.051562 0.054167
0 0.418359 0.552083 0.046094 0.070833
0 0.363281 0.531944 0.035937 0.044444
0 0.401953 0.420833 0.016406 0.025000
0 0.450000 0.450000 0.023438 0.030556
0 0.605078 0.432639 0.017969 0.026389
0 0.581250 0.402778 0.015625 0.019444
1 0.419531 0.433333 0.023438 0.036111
0 0.432812 0.415278 0.017188 0.027778
0 0.413281 0.404861 0.017188 0.020833
0 0.425000 0.388194 0.015625 0.023611
0 0.453516 0.386806 0.014844 0.018056
0 0.437500 0.377083 0.010937 0.015278
1 0.466016 0.409028 0.019531 0.034722
0 0.476562 0.387500 0.012500 0.016667
0 0.477734 0.376389 0.013281 0.013889
