0 0.830469 0.888194 0.148438 0.204167
0 0.926172 0.827778 0.127344 0.166667
0 0.245703 0.605556 0.061719 0.069444
0 0.344922 0.566667 0.044531 0.058333
0 0.400781 0.594444 0.053125 0.088889
0 0.446094 0.465972 0.026562 0.034722
0 0.412891 0.443056 0.025781 0.041667
0 0.393750 0.427083 0.018750 0.029167
0 0.406641 0.409028 0.014844 0.020833
0 0.426563 0.422917 0.018750 0.029167
1 0.462500 0.415278 0.021875 0.030556
0 0.594141 0.418750 0.016406 0.026389
0 0.575781 0.393056 0.014063 0.022222
0 0.421484 0.392361 0.016406 0.026389
0 0.434375 0.380556 0.010937 0.016667
0 0.451172 0.390972 0.013281 0.020833
0 0.474219 0.393750 0.014063 0.020833
0 0.476172 0.382639 0.011719 0.015278
