0 0.175000 0.869444 0.114062 0.152778
0 0.342969 0.792361 0.085938 0.120833
0 0.717187 0.566667 0.045312 0.069444
0 0.423828 0.534722 0.033594 0.052778
0 0.369141 0.458333 0.021094 0.030556
0 0.407813 0.454861 0.023438 0.029167
0 0.451172 0.456944 0.025781 0.044444
0 0.629687 0.457639 0.025000 0.034722
0 0.464453 0.411806 0.016406 0.023611
0 0.439844 0.403472 0.017188 0.029167
0 0.426172 0.394444 0.013281 0.022222
0 0.450781 0.390972 0.014063 0.023611
0 0.474609 0.384722 0.014844 0.025000
0 0.431641 0.385417 0.010156 0.015278
0 0.440234 0.375000 0.011719 0.019444
0 0.464062 0.375000 0.009375 0.016667
0 0.525781 0.381250 0.014063 0.018056
