0 0.096875 0.797222 0.125000 0.125000
0 0.337891 0.777083 0.096094 0.168056
0 0.284375 0.675000 0.067187 0.091667
0 0.696094 0.548611 0.042188 0.061111
0 0.629687 0.534722 0.043750 0.055556
0 0.430078 0.505556 0.032031 0.044444
0 0.394531 0.472222 0.034375 0.052778
0 0.376563 0.448611 0.025000 0.036111
1 0.456250 0.436111 0.021875 0.044444
0 0.413672 0.443750 0.022656 0.034722
0 0.394531 0.427083 0.018750 0.026389
0 0.409766 0.403472 0.016406 0.023611
0 0.442969 0.403472 0.014063 0.020833
0 0.468750 0.404861 0.017188 0.023611
0 0.578125 0.396528 0.012500 0.020833
0 0.426172 0.388889 0.010156 0.016667
0 0.471094 0.391667 0.015625 0.019444
0 0.474609 0.382639 0.011719 0.018056
0 0.458984 0.377083 0.011719 0.015278
0 0.483594 0.370139 0.010937 0.012500
0 0.454297 0.365278 0.010156 0.013889
