0 0.369141 0.709722 0.064844 0.111111
0 0.430469 0.516667 0.037500 0.061111
0 0.377734 0.506250 0.033594 0.043056
0 0.621875 0.453472 0.023438 0.034722
0 0.455078 0.437500 0.021094 0.030556
0 0.590234 0.413194 0.017969 0.023611
1 0.425781 0.425000 0.021875 0.036111
0 0.408203 0.411806 0.017969 0.023611
0 0.438281 0.407639 0.017188 0.029167
1 0.466406 0.402778 0.018750 0.030556
0 0.418359 0.397917 0.013281 0.015278
0 0.429297 0.382639 0.013281 0.020833
0 0.440625 0.373611 0.010937 0.016667
0 0.457422 0.384028 0.013281 0.018056
0 0.477344 0.384028 0.014063 0.018056
0 0.479687 0.374306 0.012500 0.018056
0 0.484375 0.369444 0.009375 0.013889
0 0.466797 0.365278 0.010156 0.013889
0 0.315234 0.525000 0.038281 0.050000
