0 0.299609 0.942361 0.130469 0.115278
0 0.173828 0.868056 0.128906 0.155556
0 0.083594 0.779167 0.115625 0.116667
0 0.833984 0.702083 0.094531 0.123611
0 0.349219 0.560417 0.039062 0.059722
0 0.430078 0.521528 0.033594 0.048611
0 0.450391 0.449306 0.019531 0.031944
0 0.544922 0.436806 0.021094 0.031944
0 0.434375 0.414583 0.015625 0.020833
0 0.407031 0.416667 0.015625 0.019444
0 0.462500 0.413194 0.018750 0.023611
1 0.589063 0.394444 0.034375 0.063889
0 0.553125 0.400000 0.015625 0.022222
0 0.570703 0.390972 0.010156 0.018056
0 0.475781 0.386806 0.014063 0.018056
0 0.528125 0.381250 0.012500 0.018056
0 0.455078 0.381250 0.014844 0.023611
