1 0.126562 0.809722 0.251563 0.380556
0 0.225781 0.617361 0.059375 0.070833
0 0.291406 0.659722 0.065625 0.105556
0 0.389844 0.683333 0.065625 0.088889
0 0.579297 0.506250 0.035156 0.048611
0 0.383203 0.503472 0.035156 0.037500
0 0.442188 0.475000 0.023438 0.036111
0 0.568359 0.429167 0.017969 0.025000
0 0.585547 0.409028 0.013281 0.020833
1 0.612109 0.418750 0.042969 0.081944
0 0.459375 0.427083 0.015625 0.026389
0 0.419922 0.403472 0.013281 0.018056
0 0.445312 0.401389 0.014063 0.019444
0 0.469141 0.398611 0.017969 0.027778
0 0.534766 0.400000 0.017969 0.027778
0 0.558203 0.367361 0.013281 0.023611
0 0.542578 0.370833 0.011719 0.013889
0 0.523047 0.370139 0.011719 0.015278
0 0.479687 0.378472 0.012500 0.015278
