0 0.093359 0.764583 0.102344 0.120833
0 0.846484 0.923611 0.141406 0.152778
1 0.873828 0.721528 0.252344 0.454167
1 0.339062 0.518750 0.109375 0.184722
0 0.587500 0.569444 0.043750 0.072222
0 0.680469 0.525694 0.035937 0.051389
1 0.416016 0.570833 0.041406 0.072222
0 0.279687 0.545833 0.032813 0.052778
0 0.395313 0.479861 0.020313 0.037500
0 0.445312 0.481250 0.026562 0.040278
0 0.426563 0.429861 0.015625 0.023611
0 0.460156 0.413889 0.017188 0.022222
0 0.535937 0.413194 0.020313 0.026389
0 0.566406 0.420139 0.020313 0.023611
1 0.590234 0.406944 0.021094 0.041667
0 0.471875 0.393056 0.014063 0.022222
0 0.439453 0.381944 0.011719 0.022222
0 0.458594 0.376389 0.010937 0.016667
0 0.477344 0.375000 0.010937 0.013889
0 0.527344 0.389583 0.015625 0.018056
