0 0.945703 0.856944 0.108594 0.183333
0 0.292969 0.657639 0.070312 0.084722
0 0.400391 0.598611 0.044531 0.069444
0 0.687500 0.527083 0.042188 0.054167
0 0.440234 0.481944 0.027344 0.038889
0 0.457031 0.430556 0.020313 0.036111
0 0.421094 0.431250 0.020313 0.026389
0 0.391016 0.434028 0.017969 0.023611
0 0.530859 0.402083 0.014844 0.023611
1 0.572266 0.375694 0.028906 0.056944
0 0.447656 0.390278 0.015625 0.022222
0 0.468750 0.395833 0.015625 0.019444
0 0.433203 0.385417 0.013281 0.020833
0 0.456250 0.383333 0.012500 0.022222
0 0.477344 0.376389 0.012500 0.019444
0 0.446484 0.369444 0.013281 0.016667
0 0.469141 0.368056 0.010156 0.013889
0 0.543359 0.381944 0.011719 0.016667
