0 0.687891 0.656250 0.063281 0.093056
1 0.754687 0.571528 0.153125 0.256944
1 0.398828 0.622222 0.057031 0.088889
0 0.245703 0.584722 0.038281 0.061111
1 0.308984 0.554167 0.136719 0.225000
0 0.564453 0.497222 0.033594 0.058333
0 0.646484 0.486111 0.032031 0.041667
0 0.384766 0.504167 0.021094 0.044444
0 0.440625 0.500000 0.028125 0.047222
0 0.420703 0.441667 0.019531 0.030556
0 0.456641 0.422222 0.016406 0.022222
0 0.469141 0.399306 0.013281 0.020833
0 0.529687 0.399306 0.017188 0.023611
0 0.557813 0.402083 0.014063 0.020833
1 0.580469 0.393056 0.018750 0.036111
0 0.456250 0.381250 0.010937 0.015278
0 0.476562 0.380556 0.010937 0.013889
0 0.525391 0.379861 0.013281 0.015278
