1 0.151562 0.770833 0.301563 0.458333
0 0.324219 0.600694 0.054688 0.065278
0 0.406641 0.609028 0.047656 0.068056
0 0.615234 0.586806 0.050781 0.087500
0 0.396484 0.483333 0.027344 0.036111
1 0.628906 0.436111 0.051562 0.100000
0 0.580469 0.456250 0.021875 0.034722
0 0.445703 0.454861 0.022656 0.031944
0 0.595703 0.420833 0.017969 0.025000
0 0.535937 0.411111 0.015625 0.027778
0 0.460938 0.417361 0.014063 0.026389
0 0.470703 0.393056 0.014844 0.022222
0 0.446875 0.395139 0.015625 0.020833
0 0.423438 0.395139 0.010937 0.018056
0 0.562500 0.374306 0.012500 0.023611
0 0.545703 0.375694 0.011719 0.015278
0 0.463672 0.372222 0.011719 0.019444
0 0.482812 0.373611 0.012500 0.016667
0 0.450391 0.368750 0.008594 0.015278
