1 0.202344 0.707639 0.273438 0.426389
1 0.341016 0.834028 0.096094 0.168056
0 0.700781 0.742361 0.082812 0.134722
0 0.421484 0.562500 0.039844 0.058333
0 0.348438 0.559028 0.043750 0.065278
0 0.602734 0.489583 0.044531 0.045833
1 0.654687 0.462500 0.068750 0.127778
0 0.406641 0.465972 0.025781 0.031944
0 0.449609 0.445139 0.019531 0.029167
0 0.608203 0.436111 0.019531 0.030556
0 0.541797 0.429167 0.019531 0.033333
0 0.464062 0.413889 0.015625 0.025000
0 0.427344 0.393056 0.014063 0.019444
0 0.449609 0.390278 0.013281 0.016667
0 0.471875 0.390972 0.014063 0.031944
0 0.548047 0.383333 0.014844 0.013889
1 0.566797 0.379167 0.014844 0.030556
0 0.525391 0.381944 0.013281 0.022222
0 0.466406 0.368056 0.012500 0.016667
0 0.483984 0.368750 0.010156 0.020833
