1 0.089453 0.867361 0.177344 0.265278
0 0.358594 0.798611 0.090625 0.141667
0 0.247656 0.736806 0.084375 0.140278
0 0.167187 0.683333 0.092188 0.097222
0 0.370703 0.529167 0.035156 0.050000
0 0.436719 0.493750 0.028125 0.037500
0 0.555469 0.463889 0.026562 0.038889
1 0.597656 0.403472 0.034375 0.070833
0 0.559375 0.415278 0.017188 0.027778
0 0.453906 0.438194 0.020313 0.026389
0 0.466406 0.404861 0.017188 0.026389
0 0.439063 0.408333 0.015625 0.022222
0 0.530859 0.388194 0.014844 0.023611
0 0.576172 0.397917 0.010156 0.020833
0 0.457813 0.377083 0.014063 0.018056
0 0.477734 0.380556 0.013281 0.013889
0 0.444531 0.372917 0.012500 0.018056
0 0.482422 0.367361 0.013281 0.020833
0 0.555859 0.365278 0.013281 0.025000
