1 0.271484 0.615972 0.186719 0.298611
1 0.379688 0.699306 0.065625 0.145833
0 0.630469 0.547917 0.040625 0.056944
1 0.692578 0.504167 0.096094 0.175000
0 0.369531 0.530556 0.028125 0.058333
0 0.432812 0.527778 0.031250 0.050000
0 0.625391 0.459028 0.022656 0.034722
0 0.551172 0.459028 0.022656 0.037500
0 0.413672 0.454861 0.019531 0.029167
0 0.454297 0.431944 0.016406 0.025000
0 0.467187 0.405556 0.015625 0.022222
0 0.454688 0.388194 0.012500 0.018056
0 0.476172 0.384028 0.013281 0.018056
0 0.526953 0.390278 0.014844 0.019444
0 0.552734 0.391667 0.014844 0.022222
1 0.573438 0.385417 0.017188 0.031944
0 0.433594 0.385417 0.007812 0.012500
