0 0.232422 0.615972 0.066406 0.076389
0 0.286328 0.656250 0.067969 0.087500
0 0.418750 0.559722 0.039062 0.058333
0 0.322266 0.513194 0.038281 0.045833
0 0.379297 0.509028 0.035156 0.048611
0 0.439453 0.477778 0.022656 0.036111
0 0.554297 0.472917 0.030469 0.048611
1 0.594141 0.450694 0.028906 0.054167
0 0.358984 0.463889 0.024219 0.036111
0 0.396484 0.425000 0.017969 0.022222
0 0.462500 0.416667 0.015625 0.030556
1 0.429297 0.401389 0.033594 0.069444
0 0.533984 0.411111 0.016406 0.022222
0 0.554688 0.402778 0.012500 0.025000
0 0.603906 0.430556 0.020313 0.027778
0 0.584766 0.406250 0.014844 0.020833
0 0.473047 0.395139 0.013281 0.020833
