0 0.290625 0.945139 0.106250 0.109722
0 0.166406 0.678472 0.075000 0.087500
0 0.637109 0.713194 0.075781 0.131944
0 0.733203 0.590278 0.053906 0.080556
1 0.939453 0.796528 0.121094 0.381944
1 0.428906 0.531250 0.037500 0.073611
0 0.305859 0.520139 0.030469 0.045833
1 0.358984 0.491667 0.086719 0.152778
0 0.404687 0.462500 0.021875 0.038889
0 0.451953 0.462500 0.022656 0.038889
0 0.576172 0.438889 0.022656 0.030556
0 0.601953 0.418056 0.027344 0.047222
0 0.539062 0.431944 0.023438 0.030556
0 0.431250 0.422917 0.018750 0.026389
0 0.462109 0.406250 0.013281 0.020833
0 0.475000 0.388889 0.012500 0.019444
0 0.529687 0.399306 0.015625 0.020833
0 0.461719 0.375694 0.010937 0.015278
0 0.479297 0.372222 0.011719 0.013889
