0 0.377734 0.679861 0.052344 0.084722
1 0.389453 0.456250 0.064844 0.115278
0 0.105469 0.765278 0.106250 0.116667
0 0.215234 0.791667 0.100781 0.113889
0 0.258203 0.576389 0.050781 0.063889
0 0.562500 0.504861 0.032813 0.048611
0 0.613281 0.507639 0.034375 0.045833
1 0.639453 0.456944 0.038281 0.066667
0 0.344922 0.481250 0.024219 0.040278
0 0.442578 0.480556 0.027344 0.050000
0 0.422266 0.439583 0.014844 0.029167
0 0.459375 0.436806 0.018750 0.029167
0 0.537109 0.436111 0.017969 0.027778
0 0.441016 0.407639 0.014844 0.020833
0 0.467578 0.392361 0.013281 0.020833
0 0.523828 0.381250 0.013281 0.020833
0 0.548047 0.381250 0.013281 0.023611
