0 0.830469 0.705556 0.090625 0.108333
0 0.346484 0.784722 0.077344 0.113889
0 0.113281 0.941667 0.156250 0.116667
0 0.220703 0.618056 0.064844 0.077778
0 0.328516 0.499306 0.033594 0.040278
1 0.437891 0.502083 0.033594 0.062500
1 0.375391 0.468056 0.074219 0.127778
0 0.549219 0.461111 0.028125 0.036111
0 0.591797 0.465972 0.028906 0.034722
1 0.619531 0.437500 0.034375 0.055556
0 0.413672 0.453472 0.017969 0.034722
0 0.453906 0.445139 0.021875 0.031944
0 0.037109 0.891667 0.072656 0.136111
0 0.532813 0.417361 0.017188 0.026389
0 0.437109 0.414583 0.014844 0.020833
0 0.465625 0.398611 0.012500 0.016667
0 0.476172 0.382639 0.011719 0.015278
