1 0.946875 0.841667 0.106250 0.291667
0 0.650391 0.798611 0.105469 0.155556
0 0.235156 0.743056 0.093750 0.116667
0 0.170313 0.688194 0.093750 0.098611
0 0.401953 0.606250 0.046094 0.062500
0 0.299609 0.538194 0.042969 0.051389
0 0.362891 0.534722 0.038281 0.044444
0 0.432812 0.502083 0.029687 0.037500
0 0.346094 0.476389 0.029687 0.036111
0 0.541406 0.440278 0.023438 0.038889
1 0.578125 0.427778 0.023438 0.038889
0 0.388672 0.431250 0.019531 0.023611
0 0.459766 0.425000 0.019531 0.030556
1 0.422656 0.409028 0.039062 0.079167
0 0.593359 0.417361 0.016406 0.020833
0 0.577734 0.397917 0.014844 0.020833
0 0.469922 0.401389 0.013281 0.019444
0 0.455078 0.386806 0.013281 0.015278
0 0.530469 0.397917 0.015625 0.020833
0 0.549609 0.392361 0.013281 0.020833
