0 0.309766 0.915972 0.107031 0.168056
0 0.101953 0.963194 0.150781 0.073611
0 0.041406 0.858333 0.081250 0.161111
0 0.274609 0.567361 0.052344 0.054167
0 0.318359 0.598611 0.055469 0.066667
0 0.428125 0.527083 0.032813 0.048611
0 0.571875 0.527083 0.039062 0.068056
1 0.614453 0.485417 0.038281 0.068056
0 0.339453 0.489583 0.033594 0.040278
0 0.392188 0.488889 0.029687 0.038889
0 0.444922 0.460417 0.021094 0.029167
0 0.369141 0.449306 0.022656 0.029167
0 0.616406 0.444444 0.021875 0.027778
0 0.539062 0.430556 0.017188 0.027778
0 0.561328 0.416667 0.017969 0.027778
0 0.592187 0.415972 0.017188 0.023611
0 0.403516 0.418056 0.017969 0.022222
0 0.466016 0.409722 0.016406 0.027778
1 0.434766 0.394444 0.032031 0.063889
0 0.526563 0.390278 0.014063 0.019444
0 0.566016 0.384028 0.011719 0.018056
0 0.474609 0.390278 0.013281 0.016667
0 0.450781 0.392361 0.010937 0.020833
0 0.459766 0.379861 0.011719 0.015278
