0 0.651563 0.768750 0.084375 0.148611
0 0.748047 0.745139 0.092969 0.140278
0 0.345313 0.796528 0.079687 0.129167
0 0.234766 0.608333 0.064844 0.069444
0 0.314063 0.615972 0.057813 0.076389
1 0.719922 0.548611 0.069531 0.125000
0 0.413281 0.562500 0.035937 0.052778
0 0.312891 0.514583 0.035156 0.048611
0 0.558984 0.513194 0.032031 0.051389
0 0.370703 0.450694 0.021094 0.026389
0 0.451953 0.443750 0.024219 0.037500
1 0.408984 0.427083 0.050781 0.093056
0 0.433594 0.422917 0.012500 0.029167
0 0.464844 0.417361 0.015625 0.026389
0 0.529687 0.402083 0.015625 0.026389
0 0.558984 0.398611 0.016406 0.030556
0 0.577344 0.395139 0.015625 0.020833
0 0.449219 0.395833 0.014063 0.019444
