1 0.813281 0.651389 0.118750 0.188889
1 0.419141 0.417361 0.044531 0.084722
0 0.075000 0.796528 0.132812 0.120833
0 0.159375 0.872222 0.135937 0.144444
0 0.380469 0.673611 0.057813 0.086111
0 0.586328 0.602778 0.046094 0.083333
0 0.273047 0.567361 0.052344 0.062500
0 0.342187 0.568750 0.046875 0.059722
0 0.424219 0.526389 0.029687 0.050000
0 0.331250 0.493750 0.032813 0.043056
0 0.380859 0.442361 0.021094 0.029167
0 0.455469 0.434722 0.020313 0.036111
0 0.439063 0.411111 0.012500 0.025000
0 0.467187 0.409028 0.017188 0.023611
0 0.534375 0.420139 0.021875 0.031944
1 0.567187 0.412500 0.021875 0.033333
