0 0.187109 0.667361 0.075781 0.081944
0 0.276562 0.684028 0.071875 0.093056
0 0.275391 0.947222 0.121094 0.105556
0 0.590625 0.586806 0.048438 0.070833
0 0.657422 0.586111 0.049219 0.072222
0 0.399609 0.613194 0.049219 0.073611
0 0.671094 0.496528 0.050000 0.093056
0 0.289453 0.541667 0.042969 0.050000
0 0.359375 0.465972 0.023438 0.031944
0 0.446875 0.461806 0.023438 0.040278
0 0.547266 0.468056 0.025781 0.041667
1 0.400000 0.439583 0.057813 0.106944
0 0.429297 0.429861 0.013281 0.023611
0 0.462500 0.425000 0.018750 0.025000
0 0.444922 0.401389 0.014844 0.019444
0 0.526172 0.390972 0.016406 0.020833
0 0.553125 0.386806 0.015625 0.023611
