0 0.212891 0.806944 0.102344 0.125000
0 0.135547 0.712500 0.099219 0.111111
0 0.358984 0.750000 0.075781 0.111111
0 0.611328 0.645139 0.064844 0.123611
0 0.652344 0.545139 0.054688 0.087500
0 0.344531 0.556944 0.046875 0.050000
0 0.305469 0.531250 0.043750 0.048611
0 0.436719 0.500694 0.028125 0.043056
0 0.353516 0.473611 0.030469 0.033333
0 0.401562 0.470139 0.026562 0.034722
0 0.380078 0.437500 0.021094 0.027778
0 0.450000 0.444444 0.018750 0.030556
0 0.545703 0.453472 0.022656 0.031944
0 0.634375 0.469444 0.023438 0.038889
0 0.571484 0.437500 0.021094 0.027778
0 0.603125 0.432639 0.020313 0.029167
0 0.530078 0.402083 0.016406 0.020833
0 0.571094 0.388889 0.012500 0.019444
0 0.544531 0.375694 0.012500 0.015278
0 0.468750 0.402083 0.015625 0.023611
1 0.438672 0.388194 0.028906 0.059722
0 0.407813 0.409722 0.015625 0.022222
0 0.423828 0.395139 0.010156 0.018056
0 0.453906 0.387500 0.010937 0.019444
0 0.477344 0.384028 0.012500 0.018056
0 0.462109 0.377083 0.010156 0.015278
