0 0.148438 0.710417 0.085938 0.104167
0 0.233984 0.779861 0.100781 0.123611
0 0.386328 0.686111 0.063281 0.102778
0 0.801953 0.843056 0.119531 0.183333
0 0.940625 0.845139 0.118750 0.206944
0 0.425781 0.514583 0.032813 0.045833
0 0.391016 0.490972 0.033594 0.043056
0 0.622266 0.454167 0.024219 0.033333
0 0.384766 0.431944 0.022656 0.030556
0 0.417187 0.446528 0.025000 0.031944
0 0.455078 0.431944 0.017969 0.025000
0 0.555859 0.400694 0.013281 0.020833
0 0.411719 0.410417 0.018750 0.020833
0 0.433984 0.413889 0.017969 0.022222
0 0.471875 0.391667 0.012500 0.016667
0 0.449219 0.392361 0.012500 0.015278
0 0.423438 0.394444 0.012500 0.016667
