0 0.158984 0.897222 0.139844 0.175000
0 0.623828 0.715278 0.069531 0.113889
0 0.760547 0.625694 0.061719 0.081944
0 0.638672 0.562500 0.042969 0.066667
0 0.342578 0.574306 0.050781 0.059722
0 0.418750 0.552083 0.039062 0.051389
0 0.290625 0.536111 0.046875 0.058333
0 0.656250 0.497222 0.031250 0.044444
0 0.548047 0.467361 0.025781 0.037500
0 0.361328 0.468750 0.030469 0.031944
0 0.388281 0.482639 0.029687 0.037500
0 0.453906 0.445833 0.020313 0.027778
0 0.387500 0.436806 0.021875 0.029167
0 0.598047 0.426389 0.019531 0.027778
0 0.558984 0.404167 0.017969 0.022222
0 0.423828 0.434722 0.016406 0.027778
0 0.401953 0.414583 0.016406 0.026389
0 0.462891 0.414583 0.016406 0.023611
0 0.420703 0.395833 0.013281 0.019444
0 0.476562 0.384028 0.012500 0.020833
1 0.450781 0.373611 0.025000 0.047222
0 0.435156 0.383333 0.012500 0.019444
