0 0.717578 0.902778 0.138281 0.194444
0 0.274219 0.697917 0.076563 0.090278
0 0.205469 0.632639 0.070312 0.084722
0 0.719531 0.655556 0.082812 0.147222
0 0.385937 0.659028 0.057813 0.084722
0 0.329688 0.504167 0.037500 0.041667
0 0.362109 0.526389 0.039844 0.047222
0 0.558594 0.494444 0.026562 0.041667
0 0.658984 0.499306 0.032031 0.043056
0 0.366406 0.460417 0.025000 0.031944
0 0.410938 0.456250 0.021875 0.026389
0 0.443359 0.477778 0.025781 0.038889
0 0.583203 0.460417 0.021094 0.034722
0 0.615625 0.445833 0.021875 0.033333
0 0.387891 0.427778 0.017969 0.025000
0 0.454297 0.434722 0.017969 0.027778
0 0.533984 0.416667 0.016406 0.025000
0 0.578125 0.400000 0.015625 0.022222
0 0.546875 0.383333 0.012500 0.016667
0 0.471875 0.396528 0.014063 0.023611
0 0.411719 0.404167 0.014063 0.022222
0 0.427344 0.390972 0.010937 0.015278
1 0.442969 0.381944 0.026562 0.055556
0 0.457422 0.382639 0.010156 0.018056
0 0.478906 0.379167 0.010937 0.013889
