0 0.883984 0.955556 0.119531 0.088889
0 0.349609 0.745139 0.078906 0.109722
0 0.302344 0.641667 0.067187 0.086111
0 0.588672 0.606944 0.052344 0.080556
0 0.747266 0.609028 0.060156 0.079167
0 0.335156 0.486111 0.034375 0.044444
0 0.378125 0.514583 0.035937 0.045833
0 0.435937 0.495833 0.025000 0.038889
0 0.633984 0.468056 0.027344 0.041667
0 0.576953 0.443056 0.024219 0.033333
0 0.383594 0.443056 0.023438 0.025000
0 0.407813 0.452083 0.025000 0.029167
0 0.401562 0.421528 0.020313 0.023611
0 0.435547 0.416667 0.017969 0.022222
0 0.458984 0.423611 0.016406 0.019444
0 0.412109 0.400694 0.013281 0.020833
0 0.467187 0.399306 0.014063 0.020833
0 0.427344 0.388194 0.014063 0.018056
0 0.571875 0.390972 0.014063 0.020833
0 0.480859 0.375694 0.013281 0.018056
1 0.456641 0.366667 0.022656 0.044444
