0 0.296484 0.949306 0.116406 0.101389
0 0.400781 0.590278 0.046875 0.066667
0 0.360156 0.545139 0.043750 0.059722
0 0.712891 0.556250 0.050781 0.073611
0 0.623047 0.520139 0.039844 0.051389
0 0.364063 0.454167 0.025000 0.036111
0 0.400781 0.472222 0.026562 0.033333
0 0.448047 0.458333 0.022656 0.033333
0 0.588672 0.414583 0.017969 0.026389
0 0.398438 0.424306 0.018750 0.023611
0 0.421875 0.430556 0.020313 0.025000
0 0.413672 0.405556 0.014844 0.019444
0 0.442969 0.404861 0.014063 0.023611
0 0.467187 0.406250 0.015625 0.020833
0 0.422656 0.391667 0.012500 0.019444
0 0.471484 0.388194 0.011719 0.015278
0 0.434766 0.379167 0.010156 0.016667
1 0.462109 0.361806 0.017969 0.043056
