0 0.060937 0.811111 0.120313 0.130556
0 0.135547 0.927083 0.161719 0.143056
0 0.347656 0.794444 0.093750 0.136111
0 0.677344 0.616667 0.057813 0.097222
0 0.792578 0.652083 0.077344 0.120833
0 0.415234 0.547917 0.038281 0.062500
0 0.377734 0.513194 0.038281 0.045833
0 0.373047 0.441667 0.025781 0.036111
0 0.410938 0.455556 0.025000 0.036111
0 0.604297 0.432639 0.022656 0.026389
0 0.550391 0.390278 0.011719 0.016667
0 0.453125 0.444444 0.021875 0.027778
0 0.429688 0.422917 0.020313 0.023611
0 0.405078 0.417361 0.017969 0.023611
0 0.419922 0.400000 0.014844 0.019444
0 0.446484 0.397222 0.013281 0.019444
0 0.469531 0.398611 0.014063 0.019444
0 0.473438 0.386111 0.010937 0.019444
0 0.425781 0.388194 0.010937 0.015278
