0 0.296094 0.956250 0.126562 0.087500
0 0.213281 0.631944 0.065625 0.086111
0 0.293359 0.675000 0.074219 0.091667
0 0.406641 0.609028 0.049219 0.073611
0 0.649609 0.488194 0.032031 0.040278
0 0.434375 0.490972 0.029687 0.037500
0 0.402344 0.470833 0.028125 0.036111
0 0.564844 0.417361 0.015625 0.026389
0 0.424609 0.434028 0.019531 0.026389
0 0.392188 0.422222 0.018750 0.027778
0 0.458203 0.420139 0.019531 0.023611
0 0.438672 0.408333 0.016406 0.019444
0 0.415234 0.404861 0.016406 0.020833
0 0.428516 0.390972 0.011719 0.015278
0 0.451953 0.387500 0.011719 0.016667
0 0.473828 0.386111 0.011719 0.013889
