0 0.663281 0.857639 0.106250 0.198611
0 0.857812 0.750000 0.104688 0.127778
0 0.384375 0.654167 0.064062 0.097222
0 0.337500 0.582639 0.051562 0.062500
0 0.666797 0.504861 0.036719 0.056944
0 0.594531 0.471528 0.028125 0.040278
0 0.389844 0.490278 0.031250 0.038889
0 0.442969 0.475000 0.026562 0.036111
0 0.352344 0.468056 0.028125 0.038889
0 0.392188 0.432639 0.020313 0.026389
0 0.416406 0.441667 0.023438 0.030556
0 0.408203 0.411111 0.014844 0.022222
0 0.438672 0.409028 0.014844 0.020833
0 0.463672 0.413194 0.016406 0.023611
0 0.580078 0.402083 0.016406 0.018056
0 0.417969 0.397222 0.012500 0.019444
0 0.470313 0.393750 0.015625 0.020833
0 0.430859 0.383333 0.011719 0.016667
0 0.445312 0.372917 0.010937 0.012500
1 0.459766 0.363889 0.021094 0.038889
0 0.482031 0.371528 0.010937 0.015278
