1 0.910547 0.905556 0.178906 0.188889
0 0.256250 0.576389 0.056250 0.072222
0 0.315234 0.622222 0.058594 0.072222
0 0.404297 0.593750 0.046094 0.062500
0 0.581250 0.568056 0.039062 0.066667
0 0.701172 0.548611 0.041406 0.058333
0 0.605078 0.500000 0.028906 0.044444
0 0.633203 0.466667 0.027344 0.033333
0 0.347656 0.484028 0.032813 0.037500
0 0.376953 0.504167 0.035156 0.044444
0 0.376953 0.446528 0.022656 0.029167
0 0.418359 0.445139 0.021094 0.026389
0 0.448828 0.459722 0.022656 0.033333
0 0.539844 0.437500 0.021875 0.030556
0 0.587500 0.412500 0.017188 0.022222
0 0.551953 0.393056 0.014844 0.019444
0 0.396094 0.420139 0.017188 0.026389
0 0.459375 0.422917 0.018750 0.023611
0 0.417578 0.400000 0.013281 0.019444
0 0.474219 0.388889 0.014063 0.022222
1 0.447656 0.377083 0.023438 0.051389
0 0.431250 0.386111 0.010937 0.016667
