0 0.303516 0.890278 0.111719 0.161111
0 0.253906 0.736111 0.090625 0.111111
0 0.712891 0.692361 0.074219 0.106944
0 0.893750 0.786806 0.107813 0.148611
0 0.362500 0.538194 0.042188 0.048611
0 0.314453 0.509028 0.041406 0.048611
0 0.428906 0.521528 0.032813 0.045833
0 0.562891 0.519444 0.036719 0.052778
0 0.692187 0.540278 0.042188 0.058333
0 0.373437 0.453472 0.026562 0.029167
0 0.399609 0.465278 0.027344 0.033333
0 0.613672 0.444444 0.022656 0.033333
0 0.565234 0.420139 0.019531 0.026389
0 0.394531 0.427778 0.018750 0.027778
0 0.429688 0.425694 0.018750 0.026389
0 0.455859 0.434028 0.019531 0.026389
0 0.407813 0.407639 0.014063 0.020833
0 0.465625 0.406944 0.014063 0.019444
0 0.564453 0.382639 0.011719 0.015278
0 0.423828 0.391667 0.013281 0.016667
0 0.439453 0.379861 0.013281 0.015278
1 0.455078 0.370833 0.022656 0.047222
0 0.478516 0.379861 0.011719 0.020833
0 0.484375 0.368056 0.009375 0.011111
