0 0.704297 0.905556 0.111719 0.188889
0 0.205078 0.819444 0.102344 0.141667
0 0.388672 0.644444 0.049219 0.080556
0 0.355078 0.554861 0.047656 0.076389
0 0.423828 0.543750 0.036719 0.062500
0 0.564844 0.508333 0.039062 0.055556
0 0.638672 0.538194 0.044531 0.065278
1 0.652734 0.460417 0.071094 0.118056
1 0.296875 0.496528 0.107813 0.159722
0 0.447266 0.465278 0.027344 0.033333
0 0.384375 0.441667 0.025000 0.030556
0 0.423828 0.436806 0.021094 0.026389
0 0.460547 0.423611 0.017969 0.025000
0 0.569531 0.389583 0.012500 0.018056
0 0.447656 0.395833 0.012500 0.016667
0 0.466406 0.397917 0.012500 0.018056
0 0.433203 0.379861 0.013281 0.018056
0 0.457813 0.381250 0.012500 0.015278
0 0.445703 0.374306 0.010156 0.015278
0 0.481250 0.373611 0.010937 0.013889
