0 0.344531 0.826389 0.087500 0.136111
0 0.253516 0.586111 0.052344 0.069444
0 0.330078 0.604861 0.058594 0.070833
0 0.421094 0.562500 0.045312 0.077778
0 0.688281 0.534722 0.042188 0.050000
0 0.439844 0.470139 0.025000 0.034722
0 0.410156 0.456250 0.026562 0.031944
0 0.400391 0.416667 0.022656 0.027778
0 0.429297 0.425000 0.019531 0.025000
0 0.574219 0.434028 0.018750 0.029167
0 0.462891 0.412500 0.016406 0.022222
0 0.442578 0.401389 0.014844 0.019444
0 0.419531 0.398611 0.015625 0.016667
0 0.431641 0.387500 0.010156 0.019444
0 0.455469 0.383333 0.010937 0.019444
0 0.530469 0.393750 0.012500 0.020833
1 0.568750 0.372222 0.023438 0.044444
0 0.544531 0.380556 0.012500 0.016667
0 0.525391 0.373611 0.011719 0.016667
0 0.475391 0.383333 0.011719 0.016667
