1 0.282422 0.886806 0.158594 0.226389
0 0.267188 0.700000 0.076563 0.091667
0 0.696484 0.636111 0.067969 0.091667
1 0.685937 0.493056 0.087500 0.158333
0 0.589063 0.581250 0.048438 0.079167
0 0.405078 0.588194 0.039844 0.059722
0 0.433984 0.514583 0.033594 0.045833
0 0.372266 0.521528 0.041406 0.059722
1 0.319922 0.472917 0.088281 0.134722
0 0.450391 0.450000 0.022656 0.027778
0 0.392188 0.429167 0.020313 0.027778
0 0.428906 0.425694 0.018750 0.023611
0 0.464453 0.414583 0.019531 0.026389
0 0.576562 0.400000 0.012500 0.022222
0 0.526953 0.384028 0.014844 0.015278
0 0.450391 0.390972 0.013281 0.018056
0 0.468359 0.394444 0.013281 0.019444
0 0.461719 0.379167 0.010937 0.013889
0 0.435937 0.377778 0.014063 0.022222
0 0.446875 0.370833 0.010937 0.013889
0 0.481250 0.370833 0.009375 0.016667
