1 0.060156 0.800694 0.118750 0.398611
0 0.885938 0.784722 0.114062 0.150000
0 0.400000 0.625694 0.051562 0.076389
0 0.374219 0.529861 0.039062 0.048611
0 0.308984 0.520139 0.039844 0.051389
0 0.614453 0.504167 0.028906 0.044444
0 0.440625 0.497917 0.029687 0.045833
0 0.425000 0.434722 0.020313 0.030556
0 0.450391 0.443056 0.019531 0.030556
0 0.540234 0.422917 0.017969 0.026389
0 0.554688 0.399306 0.015625 0.020833
1 0.581250 0.384722 0.028125 0.055556
0 0.412109 0.402083 0.016406 0.020833
0 0.440234 0.409722 0.014844 0.019444
0 0.468359 0.397222 0.013281 0.019444
0 0.449609 0.390972 0.011719 0.018056
0 0.429688 0.390972 0.014063 0.020833
0 0.438281 0.379861 0.010937 0.015278
0 0.529297 0.387500 0.013281 0.019444
0 0.460938 0.377778 0.010937 0.013889
0 0.479297 0.375694 0.010156 0.015278
