0 0.341406 0.836806 0.082812 0.143056
0 0.149219 0.906944 0.165625 0.186111
0 0.658203 0.580556 0.049219 0.077778
0 0.414844 0.572917 0.042188 0.059722
0 0.391016 0.501389 0.033594 0.047222
0 0.329688 0.497917 0.034375 0.040278
0 0.446094 0.475000 0.026562 0.038889
0 0.546094 0.445139 0.021875 0.031944
0 0.562109 0.412500 0.016406 0.027778
1 0.589453 0.395833 0.030469 0.066667
0 0.453906 0.429167 0.017188 0.025000
0 0.430078 0.425694 0.017969 0.026389
0 0.417578 0.396528 0.013281 0.020833
0 0.443750 0.402083 0.012500 0.018056
0 0.433594 0.385417 0.014063 0.015278
0 0.471484 0.391667 0.011719 0.016667
0 0.451953 0.386806 0.010156 0.018056
0 0.531641 0.400000 0.016406 0.022222
1 0.105859 0.761111 0.210156 0.477778
