0 0.378906 0.698611 0.062500 0.094444
0 0.755859 0.619444 0.066406 0.083333
0 0.287109 0.545139 0.044531 0.045833
0 0.356641 0.559722 0.047656 0.055556
0 0.432422 0.527778 0.035156 0.058333
0 0.591406 0.463194 0.021875 0.037500
0 0.446094 0.454861 0.023438 0.031944
0 0.418750 0.444444 0.023438 0.030556
0 0.533203 0.406944 0.014844 0.025000
0 0.406641 0.409722 0.016406 0.025000
0 0.435156 0.416667 0.017188 0.022222
0 0.465625 0.406250 0.015625 0.020833
0 0.447266 0.396528 0.013281 0.018056
0 0.426172 0.394444 0.016406 0.019444
0 0.549609 0.390278 0.014844 0.022222
1 0.574609 0.377778 0.025781 0.055556
