0 0.237891 0.770139 0.108594 0.162500
0 0.374219 0.719444 0.070312 0.116667
0 0.742969 0.728472 0.073438 0.123611
1 0.132422 0.679167 0.263281 0.386111
0 0.425391 0.536111 0.035156 0.050000
0 0.345313 0.479167 0.032813 0.033333
0 0.399609 0.481944 0.030469 0.041667
0 0.450000 0.459028 0.023438 0.037500
0 0.557031 0.477083 0.023438 0.040278
0 0.571094 0.426389 0.018750 0.030556
1 0.597656 0.404167 0.032813 0.069444
0 0.535156 0.412500 0.015625 0.025000
0 0.457422 0.419444 0.014844 0.022222
0 0.435547 0.415972 0.016406 0.023611
0 0.448047 0.396528 0.011719 0.015278
0 0.474609 0.385417 0.013281 0.018056
0 0.455078 0.382639 0.010156 0.015278
0 0.436719 0.382639 0.012500 0.015278
0 0.422656 0.393056 0.015625 0.022222
