0 0.097656 0.965278 0.143750 0.069444
0 0.361719 0.732639 0.070312 0.101389
0 0.607422 0.630556 0.053906 0.086111
0 0.328125 0.598611 0.059375 0.075000
0 0.412891 0.580556 0.038281 0.058333
1 0.259766 0.534722 0.139844 0.202778
0 0.441797 0.483333 0.027344 0.036111
0 0.605078 0.485417 0.032031 0.048611
0 0.551172 0.460417 0.022656 0.040278
1 0.629297 0.432639 0.052344 0.093056
0 0.371875 0.452083 0.021875 0.031944
0 0.418359 0.450000 0.024219 0.030556
0 0.457422 0.432639 0.019531 0.029167
0 0.563281 0.381944 0.010937 0.016667
0 0.443750 0.402083 0.015625 0.020833
0 0.464062 0.406250 0.015625 0.020833
0 0.430078 0.384028 0.011719 0.018056
0 0.454688 0.385417 0.012500 0.015278
0 0.441797 0.376389 0.010156 0.013889
0 0.478906 0.378472 0.010937 0.015278
0 0.459766 0.376389 0.008594 0.013889
