0 0.108984 0.946528 0.142969 0.106944
0 0.857031 0.881944 0.150000 0.219444
0 0.653125 0.767361 0.096875 0.162500
0 0.310156 0.625694 0.057813 0.081944
1 0.346094 0.752778 0.101562 0.219444
1 0.742969 0.556250 0.135937 0.223611
0 0.417969 0.549306 0.034375 0.051389
0 0.386328 0.495833 0.038281 0.052778
1 0.341797 0.454861 0.075781 0.115278
0 0.439844 0.489583 0.025000 0.040278
0 0.584766 0.413194 0.016406 0.020833
0 0.401172 0.422222 0.017969 0.025000
0 0.433203 0.415972 0.017969 0.023611
0 0.454688 0.436806 0.018750 0.026389
0 0.467969 0.405556 0.017188 0.022222
0 0.453906 0.386111 0.012500 0.016667
0 0.471484 0.386806 0.011719 0.018056
0 0.529297 0.392361 0.013281 0.020833
0 0.439844 0.373611 0.009375 0.016667
0 0.464062 0.375000 0.009375 0.013889
