0 0.322266 0.859028 0.096094 0.145833
0 0.294141 0.658333 0.075781 0.102778
0 0.398438 0.631944 0.048438 0.075000
0 0.575391 0.531250 0.033594 0.051389
0 0.435937 0.506944 0.031250 0.047222
0 0.358984 0.465972 0.025781 0.034722
0 0.410547 0.465972 0.027344 0.034722
0 0.452344 0.443750 0.025000 0.029167
0 0.586328 0.451389 0.027344 0.036111
0 0.544141 0.436806 0.025781 0.040278
1 0.611719 0.418750 0.042188 0.079167
1 0.203906 0.582639 0.184375 0.254167
0 0.440234 0.408333 0.014844 0.022222
0 0.460938 0.411806 0.014063 0.020833
0 0.427344 0.387500 0.014063 0.022222
0 0.450781 0.390278 0.012500 0.016667
0 0.476562 0.381944 0.010937 0.016667
0 0.457813 0.379861 0.010937 0.015278
0 0.439453 0.379167 0.011719 0.016667
