1 0.922266 0.779861 0.155469 0.404167
0 0.098437 0.964583 0.139063 0.070833
0 0.159375 0.703472 0.092188 0.106944
0 0.273438 0.684722 0.070312 0.086111
1 0.402344 0.585417 0.059375 0.120833
0 0.361719 0.536806 0.039062 0.054167
0 0.434766 0.496528 0.027344 0.051389
0 0.614062 0.454167 0.021875 0.033333
0 0.407813 0.459722 0.028125 0.041667
0 0.452344 0.456250 0.025000 0.031944
1 0.373047 0.424306 0.055469 0.090278
0 0.535937 0.415972 0.018750 0.023611
0 0.533594 0.400000 0.018750 0.022222
0 0.462109 0.415972 0.017969 0.023611
0 0.414453 0.406944 0.017969 0.019444
0 0.443359 0.402083 0.013281 0.020833
0 0.472656 0.393056 0.014063 0.019444
0 0.460156 0.377778 0.010937 0.016667
0 0.476562 0.377778 0.012500 0.016667
