0 0.920703 0.900000 0.142969 0.200000
0 0.591016 0.600000 0.049219 0.075000
0 0.414453 0.594444 0.042969 0.069444
0 0.335547 0.575694 0.049219 0.054167
1 0.241406 0.585417 0.073438 0.101389
0 0.560937 0.489583 0.031250 0.045833
0 0.324609 0.505556 0.036719 0.047222
0 0.379297 0.502778 0.035156 0.044444
1 0.439063 0.472917 0.032813 0.068056
0 0.412500 0.452083 0.023438 0.031944
0 0.452734 0.434028 0.016406 0.026389
0 0.434766 0.413889 0.019531 0.027778
0 0.466016 0.413194 0.019531 0.026389
1 0.408984 0.391667 0.036719 0.069444
0 0.547656 0.382639 0.015625 0.018056
0 0.432422 0.385417 0.011719 0.018056
0 0.471094 0.388889 0.014063 0.016667
0 0.457031 0.381944 0.012500 0.016667
