1 0.178906 0.650000 0.100000 0.133333
0 0.300781 0.633333 0.059375 0.077778
0 0.396094 0.661111 0.053125 0.086111
0 0.740625 0.640972 0.062500 0.093056
0 0.299219 0.535417 0.043750 0.051389
0 0.363281 0.534722 0.039062 0.055556
0 0.561719 0.511111 0.032813 0.050000
1 0.434375 0.491667 0.035937 0.075000
0 0.550391 0.452083 0.024219 0.040278
0 0.402734 0.468056 0.024219 0.036111
0 0.451953 0.445833 0.017969 0.027778
0 0.427734 0.424306 0.019531 0.031944
0 0.462109 0.420833 0.014844 0.022222
0 0.400781 0.395833 0.035937 0.069444
0 0.427344 0.390278 0.012500 0.019444
0 0.454297 0.386806 0.011719 0.018056
0 0.469531 0.395833 0.014063 0.019444
0 0.479297 0.377778 0.010156 0.016667
0 0.543750 0.375694 0.010937 0.018056
