0 0.197266 0.657639 0.080469 0.084722
0 0.257812 0.731250 0.082812 0.109722
0 0.250391 0.958333 0.150781 0.083333
0 0.715234 0.922917 0.127344 0.154167
0 0.394922 0.642361 0.049219 0.065278
1 0.336719 0.484028 0.040625 0.062500
0 0.387109 0.487500 0.030469 0.041667
0 0.441797 0.497917 0.028906 0.037500
0 0.410547 0.452083 0.027344 0.034722
0 0.372656 0.450694 0.021875 0.029167
1 0.453906 0.434028 0.029687 0.054167
0 0.566406 0.418056 0.020313 0.027778
0 0.432812 0.420833 0.017188 0.025000
0 0.464453 0.407639 0.014844 0.020833
0 0.473828 0.391667 0.011719 0.016667
0 0.447656 0.392361 0.017188 0.020833
1 0.425000 0.378472 0.028125 0.051389
0 0.525391 0.382639 0.013281 0.018056
0 0.478516 0.375000 0.010156 0.016667
0 0.462500 0.370833 0.010937 0.016667
0 0.441406 0.374306 0.010937 0.015278
