0 0.060156 0.838889 0.118750 0.152778
0 0.207422 0.799306 0.096094 0.123611
1 0.378516 0.656944 0.078906 0.166667
1 0.841406 0.658333 0.218750 0.341667
0 0.338281 0.573611 0.043750 0.058333
0 0.427344 0.520139 0.034375 0.043056
0 0.397266 0.473611 0.032031 0.041667
0 0.446094 0.472917 0.025000 0.034722
0 0.359375 0.435417 0.060937 0.098611
0 0.596875 0.429861 0.018750 0.026389
0 0.408203 0.412500 0.017969 0.022222
0 0.438281 0.409722 0.015625 0.025000
0 0.458203 0.427778 0.016406 0.025000
0 0.470313 0.398611 0.015625 0.022222
0 0.531250 0.402083 0.014063 0.018056
0 0.530469 0.388889 0.014063 0.016667
0 0.457813 0.382639 0.012500 0.018056
0 0.473828 0.381944 0.011719 0.013889
