0 0.321094 0.884028 0.100000 0.140278
0 0.652734 0.798611 0.096094 0.169444
0 0.578906 0.547222 0.045312 0.066667
0 0.425000 0.553472 0.037500 0.054167
0 0.356250 0.541667 0.042188 0.052778
1 0.282031 0.541667 0.059375 0.083333
0 0.344141 0.484722 0.030469 0.041667
0 0.390625 0.484028 0.029687 0.037500
1 0.443750 0.456250 0.029687 0.056944
0 0.421094 0.439583 0.021875 0.029167
0 0.458203 0.425694 0.017969 0.026389
0 0.439844 0.406944 0.018750 0.025000
0 0.468750 0.404167 0.017188 0.022222
0 0.550781 0.391667 0.014063 0.022222
0 0.473828 0.384028 0.013281 0.018056
0 0.460156 0.377778 0.012500 0.016667
0 0.436328 0.382639 0.011719 0.018056
1 0.414844 0.387500 0.029687 0.061111
