0 0.088281 0.753472 0.140625 0.184722
0 0.260156 0.711806 0.078125 0.115278
0 0.368359 0.760417 0.072656 0.120833
0 0.674219 0.543056 0.042188 0.063889
0 0.269141 0.572222 0.055469 0.063889
0 0.342187 0.562500 0.046875 0.058333
1 0.425781 0.513889 0.043750 0.086111
0 0.392188 0.484722 0.029687 0.038889
0 0.550000 0.464583 0.025000 0.034722
0 0.543359 0.429861 0.019531 0.029167
0 0.448828 0.459722 0.022656 0.036111
0 0.424219 0.433333 0.021875 0.036111
0 0.461328 0.429861 0.021094 0.026389
1 0.392188 0.403472 0.042188 0.073611
0 0.424219 0.395139 0.014063 0.020833
0 0.452734 0.392361 0.013281 0.018056
0 0.466406 0.399306 0.015625 0.020833
0 0.477344 0.382639 0.012500 0.018056
