0 0.185156 0.826389 0.115625 0.141667
0 0.316797 0.926389 0.107031 0.147222
0 0.221484 0.625000 0.077344 0.091667
0 0.312891 0.618056 0.058594 0.077778
0 0.636719 0.486111 0.029687 0.044444
1 0.414844 0.546528 0.046875 0.104167
0 0.376563 0.510417 0.035937 0.051389
0 0.440234 0.475694 0.024219 0.034722
0 0.540625 0.436806 0.020313 0.029167
0 0.538281 0.413194 0.020313 0.023611
0 0.415625 0.445833 0.025000 0.038889
0 0.456250 0.441667 0.018750 0.027778
1 0.382031 0.414583 0.048438 0.079167
0 0.418750 0.400694 0.014063 0.018056
0 0.464062 0.406944 0.015625 0.019444
0 0.447266 0.396528 0.016406 0.020833
0 0.475391 0.387500 0.013281 0.019444
0 0.462109 0.374306 0.010156 0.015278
0 0.478125 0.374306 0.010937 0.015278
0 0.448047 0.368056 0.011719 0.016667
