0 0.326172 0.797222 0.099219 0.166667
0 0.307031 0.638194 0.062500 0.081944
0 0.251953 0.586806 0.055469 0.087500
0 0.412891 0.582639 0.041406 0.068056
0 0.581641 0.444444 0.024219 0.033333
0 0.447266 0.479861 0.027344 0.037500
0 0.355078 0.463194 0.035156 0.051389
0 0.399609 0.469444 0.027344 0.033333
0 0.382812 0.438194 0.021875 0.026389
0 0.418750 0.438194 0.020313 0.029167
1 0.455859 0.422917 0.022656 0.043056
0 0.528125 0.393056 0.014063 0.019444
0 0.437500 0.411806 0.015625 0.020833
0 0.467578 0.401389 0.014844 0.019444
0 0.453125 0.388194 0.015625 0.026389
0 0.475781 0.385417 0.014063 0.015278
1 0.428516 0.373611 0.028906 0.052778
