0 0.112109 0.759028 0.114844 0.112500
0 0.175000 0.870833 0.123438 0.150000
0 0.368359 0.722917 0.072656 0.101389
0 0.619922 0.663194 0.061719 0.098611
0 0.434375 0.521528 0.029687 0.045833
0 0.375000 0.509722 0.034375 0.044444
1 0.312500 0.506250 0.045312 0.070833
0 0.359766 0.467361 0.028906 0.034722
0 0.402734 0.464583 0.022656 0.034722
1 0.448437 0.443056 0.025000 0.050000
0 0.428125 0.429861 0.020313 0.031944
0 0.557813 0.404167 0.018750 0.025000
0 0.443359 0.397917 0.014844 0.023611
0 0.462109 0.416667 0.014844 0.022222
1 0.420703 0.381944 0.028906 0.052778
0 0.471094 0.397222 0.012500 0.022222
0 0.476172 0.379861 0.011719 0.018056
0 0.461719 0.374306 0.012500 0.015278
0 0.439844 0.377083 0.012500 0.015278
