0 0.187109 0.670833 0.075781 0.072222
1 0.234766 0.745833 0.113281 0.155556
0 0.634375 0.536806 0.042188 0.059722
0 0.397266 0.600000 0.053906 0.086111
0 0.363281 0.539583 0.042188 0.054167
0 0.321094 0.509722 0.035937 0.050000
0 0.433203 0.509722 0.030469 0.044444
0 0.455078 0.447917 0.022656 0.031944
0 0.416406 0.442361 0.020313 0.031944
1 0.382812 0.431944 0.026562 0.041667
0 0.534375 0.418750 0.015625 0.026389
0 0.401172 0.419444 0.014844 0.025000
0 0.429688 0.419444 0.017188 0.022222
1 0.462891 0.406250 0.021094 0.037500
0 0.446484 0.397917 0.016406 0.020833
0 0.472656 0.390278 0.010937 0.016667
0 0.458984 0.380556 0.011719 0.019444
0 0.479687 0.377778 0.010937 0.013889
1 0.437109 0.368056 0.022656 0.041667
0 0.527344 0.380556 0.012500 0.016667
0 0.548438 0.379167 0.012500 0.016667
