0 0.089063 0.802083 0.107813 0.115278
1 0.112500 0.909028 0.176563 0.181944
0 0.369141 0.677083 0.071094 0.134722
0 0.336719 0.584722 0.056250 0.083333
0 0.289453 0.543056 0.047656 0.061111
0 0.422656 0.543056 0.035937 0.041667
0 0.599609 0.477778 0.028906 0.041667
0 0.451953 0.460417 0.024219 0.034722
0 0.408594 0.452778 0.023438 0.038889
1 0.369141 0.446528 0.032031 0.054167
0 0.392578 0.429167 0.017969 0.025000
0 0.423828 0.429167 0.021094 0.025000
1 0.458594 0.413194 0.023438 0.040278
0 0.530078 0.402778 0.016406 0.022222
0 0.442578 0.405556 0.014844 0.025000
0 0.471094 0.394444 0.014063 0.016667
0 0.476562 0.380556 0.010937 0.016667
0 0.456250 0.381944 0.014063 0.019444
1 0.433984 0.372917 0.022656 0.043056
0 0.545312 0.373611 0.012500 0.013889
0 0.525781 0.375000 0.010937 0.013889
