0 0.288672 0.957639 0.107031 0.084722
0 0.269922 0.566667 0.053906 0.061111
1 0.278906 0.660417 0.076563 0.123611
0 0.572656 0.515972 0.032813 0.045833
0 0.588281 0.449306 0.025000 0.040278
0 0.367188 0.456250 0.023438 0.029167
1 0.409766 0.458333 0.028906 0.044444
0 0.400781 0.418056 0.018750 0.022222
0 0.428516 0.428472 0.017969 0.023611
0 0.451562 0.441667 0.021875 0.036111
0 0.460547 0.423611 0.017969 0.022222
0 0.534766 0.407639 0.016406 0.020833
0 0.472266 0.398611 0.013281 0.019444
0 0.527734 0.389583 0.013281 0.018056
0 0.444922 0.394444 0.014844 0.016667
1 0.425391 0.388194 0.016406 0.026389
0 0.434766 0.383333 0.010156 0.016667
0 0.453906 0.384028 0.012500 0.018056
1 0.476562 0.375694 0.014063 0.026389
0 0.464062 0.369444 0.010937 0.013889
