0 0.677344 0.884028 0.109375 0.201389
1 0.215234 0.769444 0.116406 0.175000
0 0.220703 0.625694 0.082031 0.081944
0 0.555078 0.464583 0.025781 0.037500
0 0.578125 0.429167 0.021875 0.027778
0 0.352734 0.473611 0.025781 0.033333
1 0.397266 0.474306 0.033594 0.051389
0 0.447656 0.454861 0.026562 0.040278
0 0.392188 0.427083 0.020313 0.026389
0 0.421094 0.438889 0.023438 0.025000
0 0.457031 0.433333 0.020313 0.022222
0 0.471094 0.405556 0.014063 0.019444
0 0.441797 0.401389 0.014844 0.022222
0 0.419922 0.394444 0.017969 0.030556
0 0.430859 0.388194 0.011719 0.018056
0 0.451562 0.389583 0.012500 0.018056
0 0.474219 0.381944 0.014063 0.030556
0 0.531641 0.395139 0.013281 0.018056
0 0.525000 0.381250 0.012500 0.018056
