1 0.110547 0.909028 0.182031 0.181944
0 0.157812 0.708333 0.101562 0.108333
0 0.596875 0.629861 0.057813 0.084722
0 0.335547 0.495833 0.030469 0.041667
1 0.384766 0.496528 0.039844 0.056944
0 0.440625 0.468750 0.028125 0.043056
0 0.544922 0.437500 0.021094 0.027778
0 0.569141 0.415972 0.017969 0.026389
0 0.382422 0.438889 0.021094 0.030556
0 0.415625 0.451389 0.020313 0.030556
0 0.454688 0.443056 0.018750 0.022222
0 0.468750 0.411111 0.015625 0.022222
0 0.437109 0.407639 0.016406 0.020833
1 0.414453 0.400694 0.017969 0.031944
0 0.426172 0.392361 0.010156 0.018056
0 0.448437 0.394444 0.012500 0.022222
1 0.472266 0.383333 0.016406 0.030556
0 0.528516 0.384028 0.013281 0.015278
0 0.458594 0.378472 0.014063 0.018056
