0 0.342969 0.815972 0.092188 0.148611
0 0.105078 0.958333 0.141406 0.080556
1 0.060156 0.788889 0.118750 0.391667
0 0.598828 0.594444 0.046094 0.069444
1 0.314844 0.595139 0.059375 0.090278
0 0.303125 0.530556 0.046875 0.050000
0 0.605078 0.476389 0.035156 0.038889
0 0.542578 0.425000 0.019531 0.025000
0 0.379297 0.441667 0.019531 0.025000
1 0.417578 0.443056 0.024219 0.036111
0 0.453906 0.429167 0.018750 0.030556
0 0.433203 0.419444 0.016406 0.022222
0 0.408203 0.409722 0.016406 0.019444
0 0.430859 0.384722 0.016406 0.025000
0 0.448437 0.390972 0.010937 0.018056
0 0.474219 0.394444 0.014063 0.019444
0 0.456641 0.380556 0.011719 0.016667
0 0.440625 0.380556 0.010937 0.016667
1 0.477734 0.371528 0.013281 0.023611
0 0.531641 0.401389 0.017969 0.019444
