1 0.106250 0.749306 0.210938 0.443056
0 0.222266 0.797917 0.083594 0.134722
0 0.380469 0.695833 0.073438 0.105556
0 0.675000 0.798611 0.089063 0.152778
0 0.628906 0.524306 0.037500 0.054167
1 0.345313 0.550000 0.051562 0.077778
0 0.331250 0.500000 0.035937 0.044444
0 0.550000 0.449306 0.020313 0.031944
0 0.537109 0.417361 0.017969 0.023611
0 0.389844 0.430556 0.018750 0.025000
1 0.423047 0.431250 0.022656 0.034722
0 0.458594 0.420833 0.018750 0.027778
0 0.413281 0.402083 0.015625 0.023611
0 0.438672 0.411111 0.016406 0.019444
0 0.467578 0.410417 0.014844 0.020833
0 0.476562 0.388889 0.012500 0.016667
0 0.434375 0.381944 0.017188 0.025000
0 0.451953 0.387500 0.013281 0.016667
0 0.460547 0.377083 0.011719 0.015278
0 0.525781 0.380556 0.012500 0.016667
0 0.480469 0.372222 0.014063 0.025000
