0 0.900781 0.940278 0.143750 0.119444
0 0.551172 0.472917 0.025781 0.040278
0 0.285938 0.554861 0.040625 0.051389
1 0.336719 0.573611 0.054688 0.086111
0 0.425781 0.515972 0.034375 0.056944
0 0.358203 0.465278 0.027344 0.036111
0 0.393750 0.485417 0.028125 0.037500
0 0.444922 0.469444 0.024219 0.027778
0 0.462891 0.427083 0.014844 0.023611
0 0.429297 0.422222 0.017969 0.025000
1 0.401172 0.414583 0.021094 0.031944
0 0.533203 0.402778 0.014844 0.019444
0 0.556250 0.393750 0.014063 0.018056
0 0.439844 0.406250 0.014063 0.020833
0 0.415234 0.405556 0.014844 0.019444
1 0.468359 0.395833 0.021094 0.036111
0 0.452344 0.387500 0.012500 0.016667
1 0.444531 0.363889 0.018750 0.036111
0 0.524609 0.372222 0.011719 0.013889
0 0.477344 0.379861 0.010937 0.015278
