0 0.697266 0.645139 0.064844 0.095833
0 0.244531 0.602778 0.053125 0.058333
1 0.294922 0.641667 0.072656 0.111111
0 0.412891 0.554167 0.047656 0.072222
0 0.339453 0.487500 0.035156 0.038889
0 0.381250 0.510417 0.031250 0.037500
0 0.440234 0.490278 0.027344 0.033333
0 0.540234 0.438889 0.022656 0.033333
0 0.458984 0.437500 0.019531 0.027778
0 0.421875 0.431944 0.020313 0.030556
1 0.391797 0.425000 0.021094 0.036111
0 0.407813 0.411806 0.014063 0.023611
0 0.434375 0.412500 0.014063 0.022222
1 0.466406 0.401389 0.018750 0.036111
0 0.530469 0.390278 0.014063 0.019444
0 0.552344 0.384722 0.015625 0.019444
0 0.448437 0.392361 0.012500 0.020833
1 0.440625 0.363194 0.018750 0.043056
0 0.475000 0.384028 0.010937 0.015278
0 0.480469 0.374306 0.010937 0.015278
