0 0.056641 0.840972 0.111719 0.151389
0 0.566016 0.522917 0.038281 0.048611
0 0.312500 0.520833 0.034375 0.044444
1 0.364453 0.531250 0.046094 0.068056
0 0.434766 0.490278 0.032031 0.050000
0 0.371094 0.453472 0.025000 0.031944
0 0.405859 0.468056 0.025781 0.036111
0 0.451562 0.459028 0.023438 0.026389
0 0.537891 0.415972 0.016406 0.023611
0 0.562500 0.402083 0.015625 0.018056
1 0.407813 0.407639 0.020313 0.031944
0 0.433203 0.414583 0.016406 0.023611
0 0.420703 0.397917 0.014844 0.020833
0 0.442578 0.400000 0.013281 0.022222
0 0.466406 0.419444 0.017188 0.025000
0 0.527344 0.377083 0.012500 0.015278
1 0.470313 0.388889 0.017188 0.030556
0 0.455469 0.382639 0.010937 0.018056
