0 0.615234 0.643056 0.061719 0.091667
0 0.369922 0.530556 0.038281 0.047222
0 0.435937 0.504167 0.029687 0.041667
1 0.290625 0.502778 0.109375 0.166667
0 0.396875 0.429167 0.023438 0.025000
1 0.406250 0.452778 0.029687 0.041667
0 0.544141 0.429167 0.021094 0.027778
0 0.416797 0.397917 0.013281 0.020833
1 0.442188 0.398611 0.017188 0.025000
0 0.468359 0.393750 0.013281 0.023611
0 0.535937 0.395139 0.014063 0.020833
0 0.434766 0.382639 0.013281 0.015278
0 0.453516 0.386111 0.011719 0.016667
0 0.475000 0.388194 0.010937 0.015278
