0 0.669922 0.588889 0.063281 0.075000
0 0.281250 0.684722 0.067187 0.094444
0 0.401562 0.621528 0.053125 0.073611
1 0.129297 0.678472 0.253906 0.376389
0 0.560937 0.483333 0.023438 0.050000
0 0.350391 0.476389 0.032031 0.030556
1 0.364063 0.517361 0.040625 0.062500
0 0.544141 0.438889 0.021094 0.027778
0 0.397656 0.421528 0.015625 0.023611
1 0.430469 0.421528 0.021875 0.031944
0 0.460938 0.411806 0.015625 0.026389
0 0.442578 0.403472 0.014844 0.020833
0 0.419922 0.397222 0.013281 0.016667
0 0.468359 0.404167 0.014844 0.019444
0 0.529297 0.384722 0.013281 0.019444
0 0.478125 0.385417 0.014063 0.018056
0 0.454688 0.382639 0.014063 0.015278
0 0.437891 0.375694 0.013281 0.023611
