1 0.060547 0.779861 0.119531 0.384722
0 0.256641 0.717361 0.086719 0.112500
0 0.328906 0.879861 0.100000 0.168056
0 0.703516 0.618750 0.069531 0.095833
0 0.426563 0.550000 0.035937 0.055556
0 0.303125 0.529167 0.040625 0.047222
0 0.545312 0.440278 0.020313 0.030556
0 0.459766 0.426389 0.019531 0.025000
0 0.421484 0.437500 0.019531 0.022222
0 0.379688 0.420139 0.045312 0.087500
0 0.579297 0.409028 0.039844 0.081944
0 0.441406 0.401389 0.018750 0.030556
0 0.556250 0.400694 0.012500 0.023611
0 0.528516 0.381944 0.011719 0.022222
0 0.543750 0.379861 0.010937 0.015278
0 0.443359 0.375000 0.008594 0.016667
0 0.456641 0.375694 0.011719 0.018056
0 0.479687 0.373611 0.010937 0.016667
