0 0.376172 0.729167 0.072656 0.116667
0 0.101953 0.957639 0.141406 0.084722
1 0.103125 0.745833 0.204687 0.444444
0 0.937500 0.910417 0.125000 0.179167
0 0.303516 0.631944 0.066406 0.077778
0 0.437891 0.516667 0.032031 0.050000
0 0.328906 0.501389 0.032813 0.044444
0 0.557422 0.478472 0.027344 0.040278
0 0.563672 0.415972 0.017969 0.026389
1 0.595313 0.427083 0.048438 0.101389
0 0.428125 0.427083 0.014063 0.026389
0 0.463672 0.416667 0.014844 0.025000
0 0.530078 0.390972 0.013281 0.023611
0 0.446875 0.395139 0.017188 0.029167
1 0.389453 0.407639 0.041406 0.070833
0 0.548047 0.386111 0.013281 0.016667
0 0.564844 0.380556 0.010937 0.016667
0 0.523047 0.370833 0.010156 0.013889
0 0.542578 0.369444 0.010156 0.011111
0 0.460547 0.373611 0.011719 0.019444
0 0.480859 0.369444 0.010156 0.016667
