0 0.374219 0.745139 0.081250 0.112500
0 0.177734 0.670833 0.082031 0.091667
0 0.568750 0.492361 0.031250 0.045833
0 0.398438 0.481250 0.025000 0.037500
0 0.449219 0.463889 0.020313 0.036111
1 0.423828 0.427083 0.024219 0.037500
1 0.339062 0.457639 0.076563 0.120833
0 0.562500 0.429861 0.021875 0.031944
0 0.418750 0.410417 0.015625 0.020833
1 0.555469 0.381250 0.025000 0.054167
0 0.528125 0.388194 0.014063 0.018056
0 0.426172 0.388194 0.011719 0.018056
0 0.448047 0.386806 0.014844 0.026389
0 0.474219 0.384722 0.012500 0.022222
0 0.458984 0.380556 0.011719 0.016667
0 0.442188 0.375000 0.010937 0.016667
