0 0.088281 0.779861 0.109375 0.115278
0 0.329688 0.905556 0.107813 0.188889
0 0.726953 0.916667 0.136719 0.166667
0 0.386328 0.502778 0.027344 0.038889
0 0.441406 0.481944 0.026562 0.038889
0 0.553906 0.450000 0.023438 0.041667
1 0.317969 0.478472 0.089063 0.137500
1 0.415234 0.438889 0.027344 0.041667
0 0.407813 0.418056 0.020313 0.019444
0 0.546875 0.409028 0.018750 0.026389
1 0.550781 0.375694 0.020313 0.054167
0 0.421484 0.392361 0.011719 0.018056
1 0.444922 0.393056 0.016406 0.022222
0 0.470703 0.388194 0.011719 0.023611
0 0.457031 0.382639 0.010937 0.015278
0 0.437500 0.377778 0.012500 0.013889
0 0.478125 0.384722 0.009375 0.016667
0 0.526172 0.379861 0.013281 0.015278
0 0.450000 0.365972 0.010937 0.018056
