0 0.628516 0.697917 0.063281 0.120833
0 0.348438 0.565278 0.042188 0.055556
0 0.426953 0.530556 0.035156 0.050000
0 0.574609 0.526389 0.035156 0.058333
1 0.394531 0.469444 0.034375 0.047222
1 0.250000 0.540972 0.145313 0.206944
0 0.382812 0.443750 0.025000 0.026389
0 0.537891 0.411806 0.017969 0.023611
0 0.409375 0.403472 0.014063 0.020833
1 0.438281 0.406250 0.020313 0.026389
0 0.464844 0.400000 0.015625 0.025000
0 0.530078 0.384722 0.011719 0.019444
0 0.428906 0.385417 0.012500 0.018056
0 0.449609 0.392361 0.011719 0.018056
