0 0.757422 0.736806 0.096094 0.137500
0 0.581250 0.555556 0.040625 0.075000
0 0.323047 0.609028 0.050781 0.068056
0 0.418750 0.566667 0.042188 0.055556
1 0.201563 0.588889 0.196875 0.272222
1 0.381250 0.490972 0.037500 0.056944
0 0.555859 0.473611 0.027344 0.044444
0 0.367188 0.454861 0.028125 0.031944
0 0.405078 0.411111 0.013281 0.022222
1 0.434375 0.411806 0.020313 0.026389
0 0.532813 0.398611 0.017188 0.025000
0 0.464062 0.406250 0.017188 0.026389
0 0.445703 0.397917 0.013281 0.018056
0 0.425000 0.392361 0.014063 0.018056
