0 0.185938 0.836806 0.120313 0.170833
0 0.651563 0.702778 0.078125 0.130556
0 0.414844 0.588194 0.046875 0.073611
0 0.274219 0.559028 0.046875 0.054167
0 0.625000 0.515278 0.042188 0.055556
0 0.415234 0.450000 0.022656 0.030556
0 0.457031 0.436111 0.018750 0.022222
0 0.536328 0.417361 0.016406 0.029167
1 0.435547 0.407639 0.017969 0.034722
1 0.369531 0.429167 0.056250 0.094444
1 0.569141 0.397917 0.033594 0.073611
0 0.436328 0.379861 0.008594 0.015278
0 0.454688 0.378472 0.014063 0.020833
0 0.552344 0.395139 0.010937 0.018056
0 0.526172 0.375000 0.011719 0.016667
0 0.541406 0.375694 0.010937 0.015278
0 0.478906 0.376389 0.014063 0.019444
