0 0.400391 0.656944 0.066406 0.083333
0 0.233984 0.604861 0.064844 0.068056
0 0.596094 0.557639 0.042188 0.068056
0 0.355859 0.441667 0.061719 0.105556
0 0.585938 0.461111 0.029687 0.038889
0 0.407422 0.464583 0.022656 0.037500
0 0.453125 0.449306 0.021875 0.029167
1 0.429688 0.418750 0.021875 0.034722
0 0.532031 0.400000 0.015625 0.019444
1 0.559766 0.387500 0.030469 0.061111
0 0.426953 0.400694 0.013281 0.015278
0 0.431641 0.384028 0.008594 0.015278
0 0.450391 0.383333 0.013281 0.022222
0 0.475000 0.379861 0.014063 0.020833
0 0.462109 0.376389 0.010156 0.016667
0 0.444141 0.372222 0.010156 0.013889
0 0.078125 0.970833 0.154688 0.058333
