1 0.326953 0.875000 0.111719 0.191667
1 0.832812 0.696528 0.090625 0.143056
1 0.286719 0.677778 0.073438 0.105556
1 0.413281 0.597222 0.048438 0.075000
0 0.242188 0.558333 0.167187 0.255556
1 0.641016 0.560417 0.044531 0.059722
1 0.571484 0.540972 0.036719 0.062500
1 0.395703 0.475694 0.028906 0.034722
1 0.434766 0.475694 0.025781 0.043056
0 0.365234 0.430556 0.058594 0.100000
1 0.460938 0.434722 0.020313 0.030556
1 0.428516 0.423611 0.019531 0.030556
1 0.412500 0.405556 0.014063 0.022222
1 0.582812 0.448611 0.023438 0.033333
1 0.632422 0.463889 0.027344 0.036111
1 0.563281 0.412500 0.018750 0.025000
1 0.466016 0.404167 0.016406 0.022222
