1 0.092188 0.784722 0.104688 0.127778
1 0.145703 0.906944 0.150781 0.166667
1 0.371484 0.726389 0.074219 0.130556
1 0.319141 0.618056 0.060156 0.080556
1 0.962891 0.877778 0.074219 0.188889
1 0.693750 0.654861 0.070312 0.104167
1 0.605469 0.647917 0.070312 0.109722
1 0.426953 0.551389 0.039844 0.058333
0 0.281641 0.513889 0.124219 0.200000
1 0.651172 0.488889 0.028906 0.041667
1 0.597656 0.477778 0.031250 0.044444
1 0.405078 0.461111 0.025781 0.033333
1 0.442188 0.457639 0.021875 0.034722
0 0.377344 0.418750 0.051562 0.090278
1 0.463672 0.424306 0.019531 0.026389
1 0.569922 0.429167 0.017969 0.030556
1 0.585156 0.409028 0.015625 0.023611
1 0.435937 0.413889 0.018750 0.022222
1 0.417969 0.398611 0.014063 0.019444
1 0.467969 0.398611 0.014063 0.019444
0 0.439453 0.364583 0.021094 0.043056
