1 0.297266 0.943750 0.135156 0.112500
0 0.876563 0.761111 0.246875 0.475000
0 0.099609 0.761806 0.197656 0.459722
0 0.312109 0.481944 0.091406 0.150000
1 0.350781 0.548611 0.039062 0.058333
1 0.403516 0.568056 0.044531 0.072222
1 0.575781 0.538194 0.039062 0.079167
1 0.653125 0.561111 0.046875 0.069444
1 0.657422 0.493750 0.033594 0.056944
1 0.446875 0.481944 0.028125 0.041667
1 0.404297 0.464583 0.027344 0.037500
1 0.576172 0.443750 0.021094 0.031944
1 0.535937 0.423611 0.018750 0.030556
1 0.591406 0.414583 0.015625 0.023611
1 0.391797 0.429861 0.021094 0.029167
1 0.458984 0.431250 0.019531 0.026389
1 0.557422 0.401389 0.016406 0.022222
1 0.451172 0.393056 0.011719 0.019444
1 0.476172 0.383333 0.011719 0.016667
0 0.423828 0.378472 0.027344 0.051389
