0 0.783984 0.638889 0.217969 0.352778
0 0.058984 0.798611 0.116406 0.402778
1 0.385156 0.618750 0.054688 0.084722
1 0.330469 0.589583 0.046875 0.073611
0 0.285938 0.504861 0.114062 0.179167
1 0.620313 0.509722 0.035937 0.052778
1 0.635156 0.465972 0.029687 0.043056
1 0.557031 0.478472 0.029687 0.054167
1 0.440625 0.508333 0.031250 0.047222
1 0.392578 0.484028 0.032031 0.043056
1 0.382031 0.437500 0.020313 0.033333
1 0.455859 0.440972 0.021094 0.029167
1 0.566797 0.426389 0.017969 0.027778
1 0.584375 0.405556 0.014063 0.022222
1 0.532031 0.406944 0.017188 0.025000
1 0.448437 0.397917 0.014063 0.020833
0 0.419141 0.382639 0.030469 0.056944
1 0.553125 0.393056 0.012500 0.019444
1 0.474609 0.389583 0.013281 0.018056
