1 0.289844 0.956250 0.115625 0.087500
1 0.696875 0.918750 0.121875 0.162500
1 0.821094 0.881250 0.129688 0.198611
1 0.185156 0.670833 0.073438 0.091667
1 0.244922 0.744444 0.094531 0.119444
1 0.398047 0.627083 0.053906 0.095833
1 0.341016 0.565972 0.044531 0.065278
1 0.623437 0.519444 0.039062 0.061111
1 0.683984 0.525694 0.036719 0.048611
1 0.435937 0.515278 0.032813 0.050000
0 0.313281 0.485417 0.104688 0.165278
1 0.578516 0.444444 0.022656 0.033333
1 0.447656 0.443750 0.020313 0.037500
1 0.414062 0.444444 0.025000 0.033333
0 0.388281 0.409722 0.045312 0.083333
1 0.592187 0.422222 0.017188 0.025000
1 0.557422 0.404167 0.014844 0.022222
1 0.423047 0.394444 0.013281 0.019444
1 0.440234 0.405556 0.016406 0.022222
1 0.466797 0.413889 0.016406 0.022222
1 0.469531 0.392361 0.014063 0.018056
