1 0.758594 0.954167 0.118750 0.091667
1 0.357422 0.706250 0.067969 0.115278
1 0.297656 0.636806 0.057813 0.079167
0 0.248047 0.538889 0.155469 0.211111
0 0.692187 0.534722 0.125000 0.213889
1 0.430859 0.538889 0.035156 0.055556
1 0.376563 0.510417 0.037500 0.051389
1 0.599609 0.472917 0.028906 0.040278
1 0.617188 0.446528 0.023438 0.034722
1 0.372656 0.450000 0.023438 0.033333
1 0.453125 0.456944 0.025000 0.036111
1 0.544141 0.443750 0.021094 0.040278
1 0.559766 0.413194 0.014844 0.023611
1 0.578125 0.397917 0.014063 0.018056
0 0.413281 0.389583 0.034375 0.059722
1 0.443359 0.404861 0.014844 0.020833
1 0.472656 0.396528 0.014063 0.018056
1 0.528125 0.393750 0.014063 0.020833
1 0.550000 0.386111 0.012500 0.016667
