1 0.229297 0.781250 0.094531 0.129167
1 0.854688 0.880556 0.156250 0.208333
1 0.730859 0.945139 0.132031 0.109722
0 0.175391 0.620139 0.233594 0.340278
1 0.391797 0.673611 0.064844 0.100000
1 0.742188 0.592361 0.057813 0.093056
1 0.610156 0.505556 0.031250 0.050000
1 0.551953 0.481250 0.027344 0.045833
0 0.351172 0.443750 0.069531 0.109722
1 0.383984 0.497222 0.030469 0.041667
1 0.426953 0.500694 0.032031 0.048611
1 0.457813 0.448611 0.025000 0.030556
1 0.422266 0.438194 0.021094 0.029167
1 0.613672 0.440972 0.021094 0.029167
1 0.570312 0.427778 0.021875 0.025000
1 0.465625 0.411806 0.020313 0.026389
1 0.405859 0.412500 0.014844 0.025000
0 0.431641 0.370833 0.025781 0.047222
1 0.558203 0.403472 0.016406 0.020833
