1 0.144141 0.921528 0.146094 0.145833
0 0.128516 0.710417 0.255469 0.459722
1 0.357812 0.789583 0.089063 0.134722
1 0.617578 0.671528 0.066406 0.137500
0 0.978125 0.845833 0.043750 0.305556
1 0.716406 0.668750 0.075000 0.112500
1 0.691406 0.535417 0.042188 0.076389
1 0.417578 0.527083 0.035156 0.054167
1 0.370312 0.518750 0.035937 0.051389
0 0.335547 0.459722 0.075781 0.127778
1 0.590234 0.471528 0.024219 0.040278
1 0.452734 0.464583 0.024219 0.040278
1 0.414844 0.449306 0.025000 0.034722
1 0.398828 0.420833 0.017969 0.025000
1 0.462109 0.420833 0.017969 0.027778
0 0.428125 0.376389 0.025000 0.052778
1 0.454297 0.388194 0.010156 0.018056
1 0.541016 0.449306 0.022656 0.034722
1 0.563672 0.413889 0.016406 0.027778
1 0.602344 0.427083 0.017188 0.026389
