0 0.193359 0.821528 0.105469 0.131944
0 0.246484 0.981250 0.132031 0.037500
1 0.128516 0.677778 0.255469 0.391667
0 0.403125 0.640278 0.054688 0.083333
0 0.334766 0.582639 0.053906 0.068056
0 0.578125 0.534028 0.035937 0.056944
0 0.614062 0.447917 0.062500 0.120833
0 0.442188 0.492361 0.029687 0.040278
0 0.344141 0.480556 0.030469 0.036111
0 0.397656 0.400000 0.040625 0.066667
0 0.433984 0.416667 0.013281 0.022222
0 0.571875 0.428472 0.017188 0.026389
0 0.467969 0.410417 0.015625 0.020833
1 0.533203 0.404167 0.014844 0.027778
0 0.549609 0.393750 0.013281 0.020833
0 0.568359 0.386111 0.011719 0.016667
0 0.524609 0.376389 0.011719 0.016667
0 0.450000 0.390278 0.017188 0.027778
0 0.452734 0.381250 0.011719 0.020833
0 0.462891 0.370833 0.010156 0.019444
0 0.544922 0.375000 0.011719 0.016667
0 0.482422 0.366667 0.010156 0.016667
