1 0.808203 0.809722 0.103906 0.158333
1 0.262500 0.700000 0.079687 0.102778
1 0.385547 0.661806 0.057031 0.084722
1 0.659375 0.587500 0.051562 0.069444
1 0.723047 0.572222 0.055469 0.075000
1 0.568750 0.513889 0.035937 0.058333
1 0.302734 0.539583 0.042969 0.059722
1 0.370312 0.528472 0.040625 0.051389
1 0.441016 0.486806 0.027344 0.040278
1 0.402734 0.477778 0.030469 0.038889
1 0.363281 0.459028 0.028125 0.034722
1 0.614844 0.445833 0.020313 0.030556
1 0.453125 0.441667 0.020313 0.033333
1 0.416797 0.440972 0.022656 0.026389
0 0.394531 0.402778 0.039062 0.080556
1 0.464062 0.414583 0.015625 0.023611
1 0.563672 0.414583 0.019531 0.023611
1 0.532813 0.404861 0.015625 0.020833
0 0.428125 0.375694 0.026562 0.051389
