1 0.113281 0.950694 0.148438 0.098611
1 0.346875 0.803472 0.089063 0.134722
1 0.296875 0.659028 0.073438 0.087500
1 0.237500 0.613889 0.057813 0.086111
1 0.664062 0.585417 0.051562 0.084722
1 0.727344 0.573611 0.048438 0.069444
1 0.414453 0.569444 0.042969 0.066667
1 0.359766 0.535417 0.042969 0.056944
0 0.334375 0.466667 0.084375 0.141667
1 0.442578 0.490278 0.030469 0.044444
1 0.591797 0.470833 0.025781 0.038889
1 0.601172 0.437500 0.019531 0.027778
1 0.422656 0.434028 0.018750 0.026389
1 0.450391 0.430556 0.017969 0.030556
0 0.395313 0.401389 0.040625 0.075000
1 0.444141 0.400000 0.014844 0.025000
1 0.469141 0.406250 0.014844 0.020833
1 0.564844 0.416667 0.017188 0.025000
1 0.590234 0.413194 0.016406 0.023611
