1 0.060937 0.842361 0.117188 0.168056
1 0.220312 0.801389 0.107813 0.147222
1 0.744922 0.728472 0.088281 0.151389
1 0.805859 0.668056 0.075781 0.097222
1 0.386719 0.665278 0.065625 0.088889
1 0.332813 0.591667 0.054688 0.075000
1 0.281250 0.558333 0.048438 0.055556
1 0.426953 0.529167 0.035156 0.061111
1 0.377344 0.509028 0.035937 0.045833
1 0.610547 0.506944 0.035156 0.047222
1 0.612500 0.459722 0.021875 0.038889
1 0.450391 0.469444 0.025781 0.036111
0 0.351172 0.448611 0.067969 0.125000
1 0.455469 0.421528 0.017188 0.029167
1 0.428516 0.422917 0.014844 0.023611
0 0.403516 0.394444 0.038281 0.069444
1 0.572266 0.432639 0.021094 0.029167
1 0.602734 0.427778 0.019531 0.027778
1 0.536719 0.404861 0.017188 0.026389
1 0.471875 0.400000 0.015625 0.025000
1 0.572266 0.393056 0.014844 0.019444
1 0.448047 0.393056 0.014844 0.019444
