1 0.046484 0.840278 0.091406 0.136111
1 0.721875 0.697222 0.078125 0.113889
1 0.810547 0.680556 0.092969 0.122222
1 0.307812 0.622917 0.057813 0.076389
1 0.407031 0.598611 0.043750 0.066667
1 0.594141 0.589583 0.049219 0.081944
1 0.326172 0.509722 0.036719 0.050000
1 0.385156 0.502778 0.035937 0.047222
1 0.378125 0.447222 0.023438 0.038889
1 0.410938 0.459722 0.028125 0.033333
1 0.446484 0.465972 0.025781 0.034722
1 0.634766 0.470833 0.024219 0.036111
1 0.422266 0.431944 0.021094 0.027778
1 0.458203 0.429861 0.021094 0.031944
1 0.571484 0.429861 0.021094 0.029167
1 0.535937 0.420833 0.020313 0.027778
1 0.467187 0.405556 0.017188 0.022222
0 0.402344 0.395139 0.037500 0.070833
0 0.432031 0.370833 0.023438 0.047222
1 0.451172 0.388194 0.011719 0.018056
