1 0.301172 0.937500 0.117969 0.125000
1 0.687891 0.654861 0.063281 0.106944
1 0.225000 0.630556 0.065625 0.080556
1 0.324219 0.612500 0.057813 0.077778
1 0.421484 0.549306 0.041406 0.059722
1 0.374219 0.519444 0.039062 0.047222
1 0.332813 0.496528 0.035937 0.045833
1 0.657813 0.541667 0.037500 0.058333
1 0.597656 0.481944 0.028125 0.041667
1 0.641406 0.475694 0.032813 0.043056
1 0.441797 0.476389 0.025781 0.038889
1 0.402344 0.468750 0.028125 0.034722
0 0.376953 0.423611 0.050781 0.100000
1 0.458203 0.434722 0.021094 0.030556
1 0.546094 0.440278 0.021875 0.030556
1 0.439844 0.404861 0.015625 0.020833
0 0.417187 0.385417 0.029687 0.062500
