1 0.156250 0.713889 0.085938 0.102778
1 0.941406 0.831250 0.117188 0.151389
1 0.283984 0.689583 0.078906 0.101389
1 0.406641 0.601389 0.047656 0.066667
1 0.637500 0.557639 0.042188 0.065278
1 0.357422 0.552083 0.044531 0.054167
1 0.308594 0.525694 0.039062 0.051389
1 0.389453 0.487500 0.030469 0.041667
1 0.434375 0.500000 0.031250 0.052778
1 0.631250 0.492361 0.029687 0.045833
0 0.364844 0.435417 0.059375 0.112500
1 0.454297 0.452083 0.021094 0.031944
1 0.581641 0.452083 0.021094 0.034722
1 0.618359 0.445833 0.024219 0.027778
1 0.539844 0.418750 0.020313 0.026389
0 0.410156 0.389583 0.035937 0.062500
1 0.433984 0.413889 0.013281 0.022222
1 0.458594 0.413194 0.017188 0.029167
