0 0.065625 0.801389 0.129688 0.286111
1 0.380469 0.664583 0.067187 0.115278
1 0.796094 0.661806 0.070312 0.101389
1 0.304688 0.613194 0.070312 0.115278
1 0.256641 0.570833 0.049219 0.077778
1 0.635547 0.534722 0.039844 0.058333
1 0.565625 0.517361 0.037500 0.056944
1 0.380078 0.500000 0.035156 0.044444
1 0.439063 0.490278 0.028125 0.041667
1 0.416406 0.447917 0.026562 0.031944
1 0.373437 0.452778 0.025000 0.030556
1 0.547656 0.458333 0.021875 0.030556
1 0.461328 0.425694 0.019531 0.023611
1 0.430469 0.423611 0.020313 0.025000
1 0.401953 0.415278 0.019531 0.025000
1 0.531250 0.413194 0.017188 0.026389
0 0.420312 0.379167 0.028125 0.061111
