1 0.341406 0.796528 0.100000 0.168056
1 0.250391 0.702083 0.099219 0.143056
1 0.210156 0.624306 0.075000 0.084722
1 0.710938 0.561111 0.045312 0.061111
1 0.362109 0.534028 0.038281 0.056944
1 0.428906 0.517361 0.032813 0.048611
1 0.361719 0.470833 0.029687 0.041667
1 0.408203 0.466667 0.032031 0.041667
1 0.603516 0.484028 0.028906 0.045833
1 0.548438 0.468750 0.026562 0.037500
1 0.457422 0.438194 0.021094 0.031944
1 0.426172 0.436111 0.021094 0.022222
1 0.396094 0.425000 0.018750 0.025000
1 0.541016 0.433333 0.021094 0.027778
1 0.433594 0.413889 0.015625 0.025000
1 0.465234 0.409722 0.017969 0.027778
0 0.416797 0.384722 0.030469 0.063889
0 0.439063 0.365278 0.021875 0.047222
1 0.528516 0.400000 0.014844 0.022222
1 0.580469 0.403472 0.015625 0.020833
1 0.471875 0.393056 0.017188 0.022222
