1 0.180078 0.845833 0.108594 0.161111
1 0.354297 0.782639 0.078906 0.137500
1 0.798828 0.861111 0.117969 0.194444
1 0.700781 0.622222 0.056250 0.097222
1 0.270313 0.576389 0.053125 0.063889
1 0.350391 0.563889 0.049219 0.063889
1 0.620313 0.522222 0.039062 0.061111
1 0.670703 0.509722 0.039844 0.050000
1 0.432422 0.515972 0.035156 0.048611
1 0.389062 0.496528 0.031250 0.040278
1 0.350391 0.479861 0.028906 0.037500
1 0.554688 0.467361 0.025000 0.040278
1 0.448828 0.457639 0.025781 0.040278
1 0.408203 0.452778 0.022656 0.033333
0 0.386328 0.409722 0.046094 0.083333
1 0.600000 0.426389 0.018750 0.025000
1 0.461328 0.425000 0.019531 0.027778
1 0.422266 0.379861 0.032031 0.056944
1 0.444141 0.400000 0.013281 0.022222
1 0.464844 0.400000 0.015625 0.025000
1 0.555078 0.400694 0.016406 0.023611
1 0.528906 0.394444 0.014063 0.019444
