1 0.164453 0.840278 0.146094 0.197222
1 0.141406 0.701389 0.089063 0.097222
1 0.653516 0.775000 0.091406 0.163889
1 0.880469 0.923611 0.145313 0.152778
1 0.967969 0.902083 0.064062 0.156944
1 0.291406 0.938194 0.143750 0.123611
1 0.340625 0.571528 0.043750 0.065278
1 0.420703 0.550694 0.038281 0.056944
1 0.665625 0.508333 0.032813 0.044444
1 0.344531 0.486111 0.031250 0.038889
1 0.397656 0.481250 0.029687 0.043056
1 0.586328 0.453472 0.025781 0.037500
1 0.542188 0.439583 0.020313 0.029167
1 0.386719 0.435417 0.020313 0.029167
1 0.418750 0.446528 0.021875 0.026389
1 0.452344 0.450694 0.020313 0.031944
1 0.428906 0.422917 0.017188 0.023611
1 0.461719 0.418056 0.017188 0.025000
0 0.410547 0.388194 0.033594 0.068056
1 0.534766 0.415972 0.014844 0.020833
