1 0.238672 0.611111 0.064844 0.072222
1 0.942969 0.860417 0.114062 0.168056
1 0.401953 0.604861 0.046094 0.068056
1 0.594922 0.598611 0.052344 0.077778
1 0.735547 0.584722 0.052344 0.083333
0 0.610938 0.486111 0.046875 0.091667
1 0.424219 0.520833 0.029687 0.047222
1 0.660547 0.500000 0.035156 0.041667
0 0.619141 0.422222 0.057031 0.086111
0 0.335938 0.547917 0.081250 0.126389
1 0.343750 0.479861 0.032813 0.029167
1 0.455078 0.447222 0.022656 0.027778
1 0.415234 0.447222 0.021094 0.030556
0 0.378516 0.419444 0.039844 0.075000
1 0.406641 0.410417 0.014844 0.023611
1 0.431250 0.413889 0.017188 0.030556
1 0.463281 0.418056 0.017188 0.027778
1 0.537500 0.424306 0.017188 0.029167
1 0.567969 0.426389 0.017188 0.030556
1 0.584766 0.407639 0.017969 0.018056
0 0.567969 0.375694 0.020313 0.040278
1 0.433594 0.384722 0.009375 0.016667
1 0.443750 0.400000 0.010937 0.016667
1 0.473047 0.390278 0.011719 0.016667
