0 0.152734 0.825694 0.246094 0.348611
1 0.691016 0.891667 0.114844 0.208333
1 0.377344 0.694444 0.062500 0.097222
1 0.264062 0.579861 0.054688 0.073611
1 0.645312 0.545833 0.039062 0.069444
1 0.689063 0.535417 0.045312 0.065278
1 0.439063 0.502778 0.032813 0.047222
1 0.379688 0.506944 0.035937 0.044444
0 0.327734 0.449306 0.046094 0.079167
0 0.334766 0.475000 0.058594 0.077778
1 0.637500 0.468750 0.028125 0.037500
1 0.546094 0.445833 0.025000 0.033333
1 0.608203 0.440278 0.021094 0.033333
1 0.451953 0.450694 0.027344 0.034722
1 0.411719 0.444444 0.025000 0.041667
1 0.382422 0.435417 0.021094 0.031944
1 0.430078 0.418750 0.016406 0.023611
1 0.465234 0.410417 0.016406 0.020833
1 0.419922 0.400694 0.014844 0.020833
1 0.444141 0.400694 0.014844 0.020833
0 0.566016 0.413889 0.025781 0.050000
0 0.585156 0.388889 0.031250 0.061111
