1 0.048828 0.895833 0.096094 0.161111
1 0.612891 0.665278 0.061719 0.097222
1 0.397656 0.653472 0.059375 0.084722
1 0.285156 0.670139 0.067187 0.084722
0 0.228906 0.531250 0.092188 0.131944
0 0.240234 0.573611 0.116406 0.158333
1 0.431641 0.517361 0.036719 0.056944
1 0.378516 0.495139 0.036719 0.054167
1 0.340625 0.483333 0.031250 0.044444
1 0.555078 0.486111 0.028906 0.044444
1 0.618750 0.452083 0.025000 0.034722
1 0.577734 0.434028 0.021094 0.031944
1 0.410938 0.447917 0.025000 0.031944
1 0.455469 0.440972 0.017188 0.026389
1 0.432812 0.419444 0.018750 0.027778
1 0.400781 0.420139 0.021875 0.026389
1 0.470703 0.401389 0.014844 0.019444
1 0.444922 0.403472 0.014844 0.018056
1 0.419141 0.395833 0.013281 0.019444
1 0.533203 0.395833 0.016406 0.022222
