1 0.316797 0.923611 0.113281 0.152778
0 0.079687 0.684028 0.157812 0.254167
0 0.103906 0.736111 0.206250 0.305556
1 0.087891 0.976389 0.136719 0.047222
1 0.954688 0.878472 0.090625 0.170833
1 0.683984 0.618750 0.060156 0.087500
1 0.588281 0.595833 0.054688 0.080556
1 0.405078 0.597917 0.053906 0.087500
1 0.335938 0.564583 0.054688 0.084722
1 0.291406 0.532639 0.040625 0.056944
1 0.558203 0.493750 0.025781 0.040278
1 0.391406 0.479861 0.029687 0.040278
1 0.444922 0.472222 0.025781 0.038889
1 0.383984 0.441667 0.021094 0.033333
1 0.421094 0.436806 0.023438 0.029167
1 0.537109 0.428472 0.021094 0.026389
1 0.595703 0.423611 0.017969 0.027778
1 0.560937 0.403472 0.015625 0.023611
1 0.580859 0.404167 0.013281 0.022222
1 0.464844 0.417361 0.018750 0.023611
1 0.436719 0.416667 0.017188 0.019444
1 0.408984 0.409722 0.017969 0.025000
0 0.426563 0.373611 0.025000 0.055556
