1 0.327734 0.852778 0.096094 0.152778
1 0.088281 0.805556 0.121875 0.122222
0 0.241016 0.688194 0.149219 0.234722
1 0.702344 0.640278 0.059375 0.088889
1 0.735156 0.590972 0.056250 0.079167
1 0.400391 0.612500 0.046094 0.072222
1 0.298438 0.538194 0.048438 0.054167
1 0.660156 0.497222 0.035937 0.047222
1 0.553906 0.477083 0.029687 0.043056
1 0.446094 0.482639 0.028125 0.040278
1 0.394922 0.484028 0.025781 0.040278
0 0.351172 0.450000 0.050781 0.100000
1 0.620703 0.453472 0.021094 0.031944
0 0.575781 0.429861 0.028125 0.056944
0 0.593750 0.401389 0.035937 0.072222
1 0.418750 0.431944 0.021875 0.036111
1 0.456250 0.439583 0.021875 0.034722
1 0.391406 0.427083 0.020313 0.031944
1 0.434375 0.410417 0.015625 0.023611
1 0.467578 0.404167 0.013281 0.022222
1 0.424219 0.395139 0.014063 0.023611
1 0.448437 0.395139 0.014063 0.020833
1 0.528906 0.394444 0.014063 0.019444
1 0.553516 0.400000 0.016406 0.022222
