1 0.140234 0.737500 0.111719 0.125000
1 0.713281 0.945139 0.101562 0.109722
1 0.418359 0.586806 0.044531 0.065278
1 0.572266 0.541667 0.036719 0.061111
1 0.330859 0.593750 0.047656 0.065278
0 0.272656 0.497222 0.070312 0.102778
0 0.281250 0.529861 0.087500 0.126389
1 0.439844 0.487500 0.031250 0.047222
1 0.393359 0.473611 0.032031 0.050000
1 0.357812 0.463889 0.026562 0.036111
1 0.636328 0.474306 0.027344 0.043056
1 0.592969 0.458333 0.023438 0.036111
1 0.607031 0.434722 0.018750 0.027778
1 0.417969 0.436806 0.021875 0.029167
1 0.408594 0.413889 0.015625 0.025000
1 0.459766 0.428472 0.017969 0.029167
1 0.437891 0.412500 0.017969 0.025000
1 0.535547 0.409722 0.016406 0.025000
0 0.553125 0.390972 0.018750 0.037500
0 0.573047 0.377778 0.024219 0.050000
1 0.426172 0.388194 0.013281 0.023611
