1 0.059375 0.832639 0.117188 0.137500
1 0.662500 0.770833 0.089063 0.150000
1 0.807031 0.665972 0.075000 0.112500
0 0.648828 0.547222 0.064844 0.127778
1 0.689844 0.537500 0.045312 0.052778
1 0.280469 0.562500 0.050000 0.061111
1 0.418750 0.550694 0.037500 0.054167
0 0.362891 0.507639 0.061719 0.098611
1 0.432422 0.488194 0.027344 0.034722
1 0.359375 0.459722 0.025000 0.027778
1 0.543750 0.445833 0.023438 0.033333
1 0.580469 0.447917 0.023438 0.037500
0 0.638281 0.438889 0.062500 0.105556
0 0.389062 0.413194 0.034375 0.073611
1 0.421875 0.433333 0.017188 0.030556
1 0.457813 0.434722 0.020313 0.027778
1 0.466016 0.407639 0.016406 0.026389
1 0.436328 0.404861 0.016406 0.026389
1 0.412500 0.400694 0.012500 0.020833
1 0.592578 0.419444 0.019531 0.027778
0 0.573047 0.380556 0.027344 0.044444
