0 0.086328 0.900000 0.171094 0.200000
1 0.332422 0.840278 0.086719 0.144444
1 0.603516 0.638889 0.052344 0.094444
1 0.213672 0.642361 0.077344 0.081944
1 0.359766 0.543750 0.038281 0.054167
1 0.429688 0.541667 0.037500 0.052778
1 0.658203 0.498611 0.035156 0.041667
1 0.612500 0.488889 0.031250 0.041667
1 0.448047 0.466667 0.030469 0.038889
1 0.402344 0.456944 0.028125 0.044444
1 0.370703 0.448611 0.025781 0.033333
0 0.303125 0.470139 0.056250 0.090278
0 0.312109 0.500694 0.071094 0.098611
1 0.621094 0.451389 0.026562 0.038889
1 0.424609 0.429167 0.019531 0.025000
1 0.539844 0.426389 0.021875 0.030556
0 0.558984 0.398611 0.022656 0.044444
0 0.577734 0.384722 0.024219 0.063889
1 0.413281 0.406250 0.012500 0.023611
1 0.462891 0.419444 0.016406 0.025000
1 0.442188 0.406944 0.017188 0.022222
1 0.504687 0.399306 0.000000 0.001389
