1 0.215234 0.791667 0.091406 0.113889
1 0.369922 0.756944 0.077344 0.116667
1 0.656641 0.799306 0.092969 0.154167
1 0.805469 0.820833 0.115625 0.172222
1 0.418750 0.548611 0.048438 0.066667
1 0.577734 0.550694 0.039844 0.065278
1 0.361328 0.522222 0.042969 0.063889
1 0.321094 0.504861 0.032813 0.045833
0 0.165625 0.584028 0.125000 0.168056
0 0.182031 0.629167 0.162500 0.200000
1 0.402344 0.463194 0.023438 0.034722
1 0.543750 0.452778 0.021875 0.033333
1 0.451953 0.454167 0.022656 0.033333
1 0.393359 0.431250 0.021094 0.029167
1 0.427734 0.428472 0.019531 0.026389
1 0.605859 0.437500 0.022656 0.030556
1 0.568750 0.418750 0.018750 0.029167
1 0.587500 0.412500 0.015625 0.022222
1 0.467969 0.407639 0.017188 0.020833
1 0.440625 0.410417 0.017188 0.023611
1 0.414844 0.402778 0.020313 0.022222
0 0.430859 0.370833 0.025781 0.052778
