1 0.859766 0.886806 0.128906 0.190278
1 0.818359 0.690972 0.089844 0.129167
1 0.186328 0.687500 0.085156 0.105556
1 0.379297 0.688194 0.075781 0.095833
0 0.300000 0.598611 0.104688 0.158333
1 0.415234 0.554861 0.036719 0.059722
1 0.691406 0.533333 0.042188 0.058333
1 0.570312 0.522917 0.039062 0.059722
1 0.325781 0.502778 0.040625 0.038889
1 0.450391 0.461806 0.025781 0.034722
0 0.589844 0.452083 0.034375 0.070833
1 0.405078 0.462500 0.022656 0.036111
0 0.605078 0.410417 0.042969 0.081944
0 0.366797 0.429861 0.046094 0.079167
1 0.400000 0.415972 0.015625 0.023611
1 0.425391 0.421528 0.019531 0.034722
1 0.559375 0.413194 0.017188 0.026389
1 0.533203 0.407639 0.016406 0.023611
1 0.459375 0.426389 0.018750 0.030556
1 0.439453 0.405556 0.014844 0.022222
1 0.469922 0.395833 0.013281 0.019444
