1 0.051172 0.834722 0.100781 0.133333
1 0.237500 0.743056 0.095312 0.152778
1 0.389844 0.686111 0.064062 0.097222
1 0.918359 0.802778 0.122656 0.152778
1 0.593750 0.609028 0.053125 0.084722
1 0.653125 0.572222 0.048438 0.075000
0 0.739062 0.548611 0.135937 0.227778
1 0.303125 0.564583 0.050000 0.059722
1 0.623828 0.472222 0.028906 0.038889
1 0.351562 0.477778 0.034375 0.038889
1 0.446875 0.461806 0.023438 0.029167
0 0.408594 0.440972 0.034375 0.065278
1 0.451953 0.438889 0.017969 0.027778
1 0.395703 0.425694 0.022656 0.023611
1 0.533984 0.422917 0.016406 0.026389
0 0.590625 0.403472 0.034375 0.059722
1 0.466797 0.406944 0.014844 0.019444
1 0.437500 0.408333 0.015625 0.022222
