1 0.144922 0.705556 0.089844 0.116667
1 0.343359 0.904861 0.107031 0.187500
1 0.669922 0.845833 0.110156 0.188889
1 0.725781 0.702778 0.076563 0.130556
0 0.829297 0.630556 0.224219 0.347222
1 0.295703 0.645833 0.069531 0.116667
1 0.413281 0.606944 0.048438 0.072222
1 0.342187 0.520833 0.039062 0.050000
1 0.645703 0.507639 0.038281 0.048611
1 0.367188 0.461806 0.028125 0.031944
1 0.452344 0.444444 0.023438 0.030556
1 0.539844 0.443750 0.021875 0.031944
0 0.419531 0.427083 0.032813 0.059722
1 0.455469 0.424306 0.020313 0.023611
0 0.601953 0.411806 0.039844 0.070833
