1 0.233984 0.754861 0.096094 0.112500
1 0.809375 0.804861 0.112500 0.156944
1 0.585547 0.610417 0.049219 0.076389
1 0.428516 0.581250 0.042969 0.062500
1 0.371875 0.511111 0.046875 0.058333
1 0.442969 0.493750 0.026562 0.045833
0 0.649609 0.464583 0.071094 0.115278
1 0.584375 0.448611 0.020313 0.030556
1 0.405078 0.450694 0.021094 0.029167
1 0.398047 0.424306 0.016406 0.023611
1 0.562500 0.417361 0.015625 0.026389
1 0.589844 0.412500 0.018750 0.027778
1 0.530859 0.398611 0.021094 0.022222
1 0.464844 0.410417 0.018750 0.020833
0 0.437891 0.400694 0.022656 0.043056
1 0.420703 0.394444 0.014844 0.019444
1 0.292578 0.538889 0.041406 0.066667
