1 0.207422 0.629861 0.064844 0.076389
1 0.880859 0.940278 0.114844 0.119444
0 0.885547 0.752778 0.228906 0.469444
1 0.385937 0.744444 0.071875 0.111111
1 0.331250 0.583333 0.057813 0.086111
1 0.427734 0.556944 0.041406 0.055556
1 0.670312 0.556250 0.043750 0.059722
1 0.547266 0.475000 0.027344 0.038889
0 0.612109 0.429167 0.049219 0.086111
1 0.369922 0.494444 0.033594 0.041667
1 0.379688 0.449306 0.023438 0.031944
1 0.457422 0.432639 0.017969 0.020833
1 0.458594 0.415972 0.014063 0.018056
1 0.426172 0.414583 0.027344 0.054167
1 0.409766 0.408333 0.017969 0.022222
1 0.564453 0.413889 0.016406 0.027778
