1 0.142187 0.913889 0.132812 0.161111
1 0.383203 0.673611 0.067969 0.100000
1 0.242578 0.590278 0.061719 0.069444
0 0.803516 0.634722 0.216406 0.308333
1 0.665625 0.586806 0.048438 0.073611
1 0.352734 0.547917 0.042969 0.054167
1 0.357812 0.468056 0.031250 0.041667
1 0.450781 0.478472 0.028125 0.037500
1 0.410938 0.450694 0.031250 0.040278
1 0.599609 0.481944 0.030469 0.044444
1 0.628125 0.456250 0.031250 0.040278
1 0.544141 0.446528 0.024219 0.034722
1 0.458594 0.438194 0.017188 0.029167
1 0.435937 0.417361 0.017188 0.029167
1 0.419141 0.401389 0.014844 0.022222
1 0.530859 0.409028 0.016406 0.023611
1 0.596094 0.421528 0.017188 0.023611
