1 0.100781 0.756250 0.115625 0.123611
1 0.650391 0.819444 0.097656 0.169444
1 0.283984 0.959028 0.119531 0.081944
1 0.289453 0.659722 0.064844 0.083333
1 0.318359 0.509028 0.035156 0.048611
1 0.436719 0.531250 0.028125 0.048611
1 0.389844 0.487500 0.035937 0.047222
0 0.678906 0.502083 0.095312 0.154167
1 0.602734 0.478472 0.027344 0.040278
1 0.449219 0.471528 0.023438 0.040278
1 0.417578 0.436111 0.021094 0.030556
1 0.405469 0.414583 0.017188 0.026389
1 0.571484 0.433333 0.019531 0.030556
1 0.599609 0.425000 0.021094 0.033333
1 0.467578 0.402083 0.016406 0.023611
1 0.532813 0.411111 0.018750 0.025000
1 0.579297 0.398611 0.014844 0.019444
0 0.441797 0.391667 0.022656 0.041667
1 0.426172 0.389583 0.013281 0.018056
1 0.526172 0.387500 0.014844 0.019444
