1 0.147266 0.911806 0.132031 0.159722
0 0.953125 0.793056 0.093750 0.366667
1 0.412109 0.636111 0.050781 0.097222
1 0.717578 0.642361 0.069531 0.093056
1 0.258203 0.577083 0.052344 0.065278
1 0.356250 0.542361 0.045312 0.068056
1 0.435937 0.520833 0.031250 0.044444
1 0.562891 0.525694 0.036719 0.051389
1 0.390625 0.473611 0.029687 0.041667
0 0.628906 0.445833 0.059375 0.094444
1 0.574609 0.431944 0.019531 0.030556
1 0.389062 0.433333 0.021875 0.027778
1 0.461328 0.420139 0.021094 0.026389
0 0.432812 0.406250 0.026562 0.045833
1 0.416406 0.402083 0.017188 0.020833
