1 0.339453 0.804861 0.094531 0.137500
1 0.181250 0.659028 0.076563 0.095833
1 0.325391 0.595833 0.050781 0.069444
0 0.723828 0.545833 0.133594 0.197222
1 0.623047 0.518056 0.033594 0.050000
1 0.443750 0.504861 0.029687 0.048611
1 0.339062 0.485417 0.035937 0.043056
1 0.401172 0.468056 0.030469 0.047222
1 0.454688 0.453472 0.021875 0.031944
1 0.583594 0.454167 0.021875 0.036111
1 0.610938 0.438194 0.023438 0.034722
1 0.537109 0.424306 0.022656 0.029167
1 0.426953 0.427083 0.016406 0.029167
1 0.413281 0.410417 0.018750 0.029167
1 0.471094 0.397222 0.014063 0.019444
0 0.446875 0.384722 0.020313 0.038889
1 0.431641 0.386111 0.013281 0.016667
1 0.527344 0.396528 0.015625 0.023611
1 0.586328 0.409028 0.017969 0.020833
