1 0.147656 0.884028 0.159375 0.193056
1 0.356641 0.805556 0.075781 0.130556
0 0.894531 0.867361 0.210938 0.265278
1 0.797656 0.668056 0.078125 0.105556
0 0.693359 0.497917 0.100781 0.173611
1 0.567969 0.526389 0.035937 0.055556
1 0.617188 0.513194 0.034375 0.048611
1 0.611719 0.450694 0.025000 0.034722
1 0.438672 0.483333 0.030469 0.041667
1 0.331250 0.501389 0.039062 0.041667
0 0.398438 0.457639 0.043750 0.081944
1 0.446875 0.455556 0.020313 0.038889
1 0.384375 0.435417 0.020313 0.026389
0 0.404687 0.393056 0.026562 0.052778
1 0.435156 0.415972 0.015625 0.026389
1 0.464453 0.413889 0.017969 0.022222
1 0.530078 0.407639 0.014844 0.023611
0 0.583594 0.393056 0.029687 0.050000
1 0.445312 0.394444 0.015625 0.027778
1 0.423047 0.388889 0.011719 0.019444
1 0.471094 0.394444 0.012500 0.025000
1 0.446094 0.374306 0.010937 0.018056
1 0.454688 0.383333 0.009375 0.016667
1 0.250391 0.614583 0.058594 0.081944
