1 0.170313 0.704861 0.085938 0.106944
1 0.928516 0.820833 0.122656 0.180556
0 0.713672 0.652778 0.110156 0.205556
1 0.310547 0.529861 0.039844 0.048611
1 0.428906 0.512500 0.031250 0.050000
1 0.550781 0.475694 0.026562 0.040278
1 0.592187 0.469444 0.026562 0.038889
0 0.660937 0.463194 0.078125 0.131944
0 0.382031 0.481250 0.048438 0.087500
1 0.439844 0.468056 0.023438 0.033333
1 0.371875 0.448611 0.021875 0.027778
1 0.461328 0.424306 0.019531 0.026389
1 0.428516 0.422222 0.017969 0.022222
0 0.396875 0.403472 0.031250 0.062500
1 0.599609 0.431250 0.024219 0.029167
0 0.576562 0.386806 0.028125 0.048611
1 0.528125 0.395833 0.015625 0.025000
