1 0.274609 0.715972 0.083594 0.106944
0 0.385937 0.659722 0.071875 0.127778
1 0.756641 0.627778 0.067969 0.083333
1 0.584766 0.572917 0.041406 0.070833
1 0.642578 0.553472 0.041406 0.073611
1 0.658984 0.497222 0.032031 0.041667
1 0.561328 0.493056 0.036719 0.052778
1 0.356641 0.544444 0.038281 0.047222
0 0.294141 0.495139 0.111719 0.162500
1 0.436328 0.484722 0.027344 0.044444
1 0.408984 0.455556 0.024219 0.030556
1 0.539062 0.429167 0.020313 0.033333
1 0.607812 0.438194 0.021875 0.029167
1 0.394922 0.418750 0.016406 0.023611
1 0.461328 0.419444 0.019531 0.025000
1 0.436328 0.411111 0.016406 0.022222
1 0.423828 0.393056 0.014844 0.022222
