1 0.301953 0.921528 0.111719 0.145833
1 0.288672 0.653472 0.064844 0.093056
1 0.664453 0.606250 0.047656 0.076389
0 0.944531 0.833333 0.110937 0.322222
1 0.422656 0.541667 0.042188 0.052778
1 0.309766 0.513194 0.035156 0.051389
1 0.385937 0.493056 0.034375 0.044444
1 0.564063 0.518750 0.037500 0.062500
1 0.678516 0.513194 0.042969 0.070833
1 0.381641 0.438194 0.021094 0.029167
1 0.423828 0.429167 0.019531 0.030556
1 0.459766 0.446528 0.019531 0.031944
1 0.537500 0.440972 0.021875 0.037500
1 0.619531 0.451389 0.026562 0.030556
1 0.592969 0.416667 0.017188 0.027778
1 0.554297 0.401389 0.014844 0.025000
1 0.576953 0.395833 0.014844 0.019444
1 0.465234 0.418056 0.019531 0.025000
1 0.444531 0.400000 0.017188 0.019444
1 0.430469 0.390278 0.017188 0.022222
1 0.529297 0.400000 0.014844 0.019444
