1 0.688672 0.909722 0.122656 0.180556
1 0.855859 0.718056 0.091406 0.130556
1 0.349219 0.757639 0.089063 0.154167
1 0.192969 0.863889 0.118750 0.152778
1 0.331641 0.587500 0.046094 0.066667
0 0.256641 0.534028 0.136719 0.201389
1 0.428516 0.506250 0.030469 0.051389
1 0.398047 0.472917 0.032031 0.037500
1 0.695312 0.545833 0.043750 0.061111
1 0.564453 0.506944 0.035156 0.050000
1 0.611719 0.502083 0.039062 0.051389
1 0.630469 0.465278 0.028125 0.036111
1 0.548828 0.458333 0.028906 0.047222
1 0.383594 0.429861 0.023438 0.040278
1 0.428516 0.417361 0.019531 0.023611
1 0.457813 0.429861 0.021875 0.029167
1 0.595703 0.418750 0.019531 0.023611
1 0.535156 0.413889 0.017188 0.027778
1 0.418359 0.398611 0.016406 0.022222
1 0.447266 0.392361 0.014844 0.026389
