1 0.039844 0.886806 0.078125 0.143056
1 0.313672 0.631944 0.064844 0.072222
1 0.867188 0.761806 0.098437 0.134722
1 0.621484 0.687500 0.061719 0.100000
1 0.690234 0.636111 0.055469 0.088889
1 0.691406 0.540278 0.042188 0.066667
1 0.576172 0.545833 0.041406 0.069444
0 0.401172 0.590972 0.053906 0.090278
0 0.321484 0.476389 0.088281 0.150000
1 0.373047 0.517361 0.032031 0.054167
1 0.441406 0.461806 0.029687 0.040278
1 0.623828 0.451389 0.024219 0.036111
1 0.545703 0.449306 0.021094 0.031944
1 0.416406 0.443750 0.021875 0.029167
1 0.404297 0.413194 0.016406 0.031944
1 0.465234 0.409722 0.017969 0.019444
1 0.441016 0.404861 0.016406 0.026389
1 0.557031 0.403472 0.017188 0.020833
