1 0.734766 0.710417 0.083594 0.123611
0 0.880078 0.773611 0.239844 0.452778
1 0.233984 0.755556 0.086719 0.130556
1 0.405469 0.595139 0.046875 0.070833
1 0.280469 0.548611 0.046875 0.066667
1 0.368750 0.515278 0.037500 0.050000
1 0.623437 0.526389 0.034375 0.058333
1 0.646094 0.477083 0.039062 0.062500
1 0.550391 0.474306 0.027344 0.043056
1 0.371484 0.451389 0.024219 0.036111
1 0.416406 0.439583 0.021875 0.037500
1 0.455078 0.463194 0.022656 0.037500
1 0.461719 0.425694 0.017188 0.023611
1 0.533984 0.424306 0.021094 0.031944
1 0.605469 0.434722 0.021875 0.027778
1 0.439844 0.404861 0.017188 0.026389
