0 0.301563 0.895833 0.126562 0.200000
1 0.299219 0.645833 0.062500 0.094444
1 0.607422 0.684028 0.061719 0.120833
1 0.758203 0.613889 0.063281 0.080556
0 0.210547 0.576389 0.192969 0.263889
1 0.420312 0.532639 0.034375 0.051389
1 0.385547 0.495139 0.027344 0.043056
1 0.660156 0.504861 0.035937 0.048611
1 0.550000 0.468750 0.026562 0.037500
1 0.592578 0.468056 0.025781 0.033333
1 0.375000 0.439583 0.025000 0.034722
1 0.453125 0.441667 0.025000 0.030556
1 0.423828 0.428472 0.021094 0.034722
1 0.611719 0.443750 0.025000 0.031944
