1 0.135156 0.735417 0.090625 0.109722
1 0.712891 0.939583 0.100781 0.120833
1 0.795312 0.816667 0.109375 0.169444
1 0.609766 0.634722 0.066406 0.091667
1 0.753516 0.614583 0.063281 0.093056
1 0.344141 0.577083 0.050781 0.079167
1 0.421094 0.544444 0.053125 0.086111
1 0.555078 0.477778 0.025781 0.036111
1 0.644141 0.479167 0.027344 0.038889
1 0.389062 0.493056 0.029687 0.047222
0 0.341406 0.453472 0.071875 0.123611
1 0.446875 0.445833 0.021875 0.033333
1 0.424219 0.429861 0.020313 0.023611
1 0.563281 0.416667 0.017188 0.027778
1 0.410938 0.404861 0.017188 0.026389
1 0.468359 0.403472 0.017969 0.020833
1 0.444141 0.395833 0.014844 0.019444
1 0.431250 0.383333 0.014063 0.019444
