1 0.171094 0.880556 0.128125 0.166667
1 0.628906 0.722222 0.078125 0.147222
1 0.794531 0.645833 0.093750 0.136111
1 0.389453 0.643750 0.057031 0.087500
1 0.350391 0.548611 0.041406 0.063889
1 0.664844 0.503472 0.034375 0.045833
1 0.557813 0.506944 0.037500 0.052778
1 0.348828 0.470139 0.028906 0.037500
1 0.442188 0.479167 0.026562 0.036111
1 0.408984 0.454167 0.024219 0.033333
1 0.617578 0.448611 0.025781 0.036111
1 0.569922 0.427778 0.019531 0.027778
1 0.464844 0.422222 0.017188 0.027778
1 0.400000 0.418056 0.017188 0.025000
1 0.434766 0.411806 0.017969 0.023611
1 0.535937 0.427083 0.015625 0.023611
