1 0.246484 0.736111 0.089844 0.111111
1 0.920312 0.786111 0.145313 0.208333
0 0.135547 0.653472 0.266406 0.359722
1 0.575391 0.559722 0.041406 0.075000
1 0.407422 0.574306 0.044531 0.059722
1 0.703125 0.543056 0.043750 0.058333
1 0.367969 0.518056 0.032813 0.044444
1 0.450000 0.458333 0.028125 0.036111
1 0.363281 0.454861 0.025000 0.031944
1 0.417187 0.440972 0.025000 0.029167
1 0.633203 0.471528 0.028906 0.037500
1 0.541016 0.440278 0.022656 0.027778
1 0.577734 0.444444 0.024219 0.036111
1 0.601172 0.429861 0.021094 0.029167
1 0.407031 0.411111 0.018750 0.025000
1 0.467969 0.413194 0.020313 0.020833
