0 0.074609 0.773611 0.147656 0.397222
1 0.080469 0.775000 0.000000 0.002778
1 0.748437 0.734028 0.093750 0.143056
1 0.360156 0.756250 0.087500 0.126389
1 0.324609 0.595139 0.046094 0.070833
1 0.586328 0.581944 0.053906 0.083333
1 0.717969 0.560417 0.054688 0.081944
1 0.332031 0.491667 0.032813 0.047222
1 0.432812 0.504167 0.039062 0.044444
1 0.398047 0.469444 0.028906 0.033333
1 0.637109 0.472917 0.027344 0.037500
1 0.546875 0.468056 0.031250 0.044444
1 0.390625 0.429167 0.021875 0.027778
1 0.430078 0.418750 0.019531 0.029167
1 0.462891 0.433333 0.019531 0.027778
1 0.601953 0.429167 0.017969 0.027778
1 0.560937 0.413194 0.015625 0.023611
1 0.533203 0.409722 0.014844 0.022222
1 0.582422 0.403472 0.011719 0.020833
1 0.469141 0.407639 0.016406 0.020833
1 0.447656 0.392361 0.014063 0.018056
1 0.433203 0.386111 0.013281 0.019444
