1 0.341406 0.790278 0.093750 0.152778
1 0.111328 0.952083 0.142969 0.095833
1 0.584766 0.588889 0.042969 0.075000
1 0.716016 0.567361 0.050781 0.070833
1 0.258203 0.583333 0.052344 0.063889
1 0.385937 0.507639 0.032813 0.048611
0 0.438672 0.486111 0.030469 0.050000
1 0.587500 0.457639 0.025000 0.031944
1 0.412500 0.457639 0.023438 0.031944
0 0.371875 0.425000 0.054688 0.094444
1 0.435156 0.412500 0.015625 0.019444
1 0.449609 0.427083 0.017969 0.026389
1 0.536719 0.416667 0.017188 0.025000
1 0.584375 0.409722 0.018750 0.025000
1 0.531641 0.398611 0.014844 0.019444
1 0.421875 0.391667 0.012500 0.019444
1 0.473438 0.389583 0.014063 0.018056
1 0.453125 0.386111 0.012500 0.013889
