1 0.213281 0.797222 0.096875 0.138889
1 0.379688 0.677083 0.065625 0.101389
1 0.039453 0.877083 0.077344 0.143056
1 0.622656 0.717361 0.073438 0.120833
1 0.782031 0.640972 0.071875 0.090278
1 0.292187 0.547222 0.043750 0.052778
1 0.396484 0.484028 0.028906 0.045833
1 0.603516 0.488194 0.027344 0.037500
0 0.446094 0.467361 0.032813 0.043056
0 0.382812 0.414583 0.048438 0.081944
1 0.450781 0.418750 0.017188 0.023611
1 0.541406 0.432639 0.017188 0.029167
1 0.439844 0.405556 0.012500 0.022222
1 0.423047 0.442361 0.019531 0.026389
1 0.593359 0.421528 0.014844 0.023611
1 0.534766 0.408333 0.017969 0.022222
