1 0.676953 0.829861 0.103906 0.176389
1 0.854688 0.739583 0.089063 0.129167
1 0.294141 0.954167 0.122656 0.091667
1 0.206250 0.646528 0.067187 0.081944
1 0.364453 0.536111 0.042969 0.063889
0 0.430469 0.514583 0.037500 0.065278
1 0.564844 0.520833 0.035937 0.052778
1 0.672266 0.509722 0.033594 0.047222
1 0.401172 0.471528 0.024219 0.034722
0 0.357422 0.438194 0.067969 0.101389
1 0.448437 0.437500 0.021875 0.030556
1 0.429688 0.423611 0.015625 0.025000
1 0.573047 0.430556 0.019531 0.030556
1 0.415625 0.397222 0.015625 0.022222
1 0.449219 0.392361 0.012500 0.018056
1 0.470313 0.394444 0.012500 0.019444
1 0.533203 0.404167 0.014844 0.019444
